,filename,fold,target,primary_label,durations
0,693048.wav,4,0,lesred1,20.0
1,692820.wav,4,0,lesred1,23.312875
2,692819.wav,5,0,lesred1,17.504875
3,692818.wav,3,0,lesred1,22.1054375
4,692817.wav,3,0,lesred1,19.7834375
5,692816.wav,3,0,lesred1,15.192
6,692815.wav,1,0,lesred1,23.856125
7,692814.wav,5,0,lesred1,24.659625
8,692813.wav,2,0,lesred1,24.659625
9,692812.wav,3,0,lesred1,22.4769375
10,692811.wav,3,0,lesred1,23.9415625
11,687564.wav,5,0,lesred1,45.696875
12,687563.wav,3,0,lesred1,10.9391875
13,687562.wav,1,0,lesred1,14.3499375
14,650811.wav,3,0,lesred1,15.6038125
15,648578.wav,1,0,lesred1,26.96825
16,646274.wav,3,0,lesred1,32.3558125
17,638785.wav,1,0,lesred1,77.1939375
18,630952.wav,1,0,lesred1,133.407375
19,627534.wav,1,0,lesred1,21.7389375
20,626651.wav,3,0,lesred1,12.985125
21,620926.wav,1,0,lesred1,16.3535625
22,619018.wav,5,0,lesred1,52.3915625
23,619010.wav,2,0,lesred1,7.9813125
24,619008.wav,4,0,lesred1,29.859375
25,619007.wav,4,0,lesred1,93.10975
26,619006.wav,4,0,lesred1,55.9710625
27,619005.wav,4,0,lesred1,34.8635
28,619004.wav,4,0,lesred1,49.8629375
29,619003.wav,1,0,lesred1,10.5483125
30,619002.wav,2,0,lesred1,227.843875
31,618998.wav,4,0,lesred1,14.082625
32,618996.wav,4,0,lesred1,35.5156875
33,617167.wav,2,0,lesred1,20.3713125
34,617159.wav,5,0,lesred1,64.98625
35,614237.wav,3,0,lesred1,14.695375
36,614236.wav,1,0,lesred1,12.98025
37,614235.wav,5,0,lesred1,25.074125
38,614234.wav,5,0,lesred1,11.4873125
39,614233.wav,5,0,lesred1,41.0993125
40,614232.wav,5,0,lesred1,40.960375
41,614230.wav,4,0,lesred1,55.30375
42,605162.wav,4,0,lesred1,30.5851875
43,603587.wav,5,0,lesred1,38.087
44,602190.wav,5,0,lesred1,6.624
45,602189.wav,4,0,lesred1,14.064
46,602188.wav,4,0,lesred1,6.264
47,602103.wav,2,0,lesred1,50.5528125
48,602102.wav,3,0,lesred1,11.93375
49,602100.wav,5,0,lesred1,34.4460625
50,602099.wav,3,0,lesred1,7.569125
51,602098.wav,4,0,lesred1,186.2524375
52,598186.wav,5,0,lesred1,10.6880625
53,595860.wav,3,0,lesred1,14.112
54,594385.wav,1,0,lesred1,10.6805625
55,594383.wav,1,0,lesred1,22.2475
56,591130.wav,4,0,lesred1,33.408
57,582269.wav,2,0,lesred1,68.011375
58,582259.wav,5,0,lesred1,14.9928125
59,569423.wav,1,0,lesred1,4.002125
60,569417.wav,4,0,lesred1,12.8516875
61,569416.wav,3,0,lesred1,24.88875
62,535753.wav,5,0,lesred1,8.4114375
63,524872.wav,4,0,lesred1,1.7236875
64,524865.wav,2,0,lesred1,3.177375
65,524863.wav,5,0,lesred1,2.9145625
66,524861.wav,1,0,lesred1,3.06325
67,524860.wav,3,0,lesred1,10.583875
68,524858.wav,5,0,lesred1,9.7908125
69,447665.wav,4,0,lesred1,21.3943125
70,412908.wav,4,0,lesred1,26.0963125
71,392799.wav,1,0,lesred1,128.832
72,392786.wav,1,0,lesred1,12.3036875
73,392785.wav,3,0,lesred1,7.4449375
74,392784.wav,2,0,lesred1,25.417125
75,392783.wav,3,0,lesred1,14.5763125
76,382584.wav,5,0,lesred1,32.664
77,330135.wav,2,0,lesred1,15.9346875
78,324633.wav,2,0,lesred1,48.3788125
79,324625.wav,2,0,lesred1,35.1608125
80,292380.wav,4,0,lesred1,9.3780625
81,281795.wav,1,0,lesred1,19.487375
82,281794.wav,3,0,lesred1,9.5869375
83,281792.wav,3,0,lesred1,66.429375
84,281791.wav,1,0,lesred1,59.7681875
85,281790.wav,3,0,lesred1,32.026125
86,281789.wav,1,0,lesred1,68.1535
87,254395.wav,4,0,lesred1,21.425125
88,243939.wav,3,0,lesred1,54.31925
89,243938.wav,3,0,lesred1,38.8251875
90,195098.wav,5,0,lesred1,17.751875
91,132617.wav,5,0,lesred1,13.5836875
92,132616.wav,5,0,lesred1,89.86125
93,132612.wav,1,0,lesred1,10.9714375
94,132611.wav,5,0,lesred1,12.6955
95,132609.wav,4,0,lesred1,14.08
96,132608.wav,4,0,lesred1,38.55675
97,118730.wav,3,0,lesred1,46.992
98,39336.wav,5,0,lesred1,9.7175625
99,695320.wav,1,0,lesred1,31.3435
100,692823.wav,2,0,lesred1,19.040375
101,692822.wav,4,0,lesred1,21.6874375
102,692821.wav,5,0,lesred1,10.3096875
103,692370.wav,2,0,lesred1,30.81925
104,683437.wav,1,0,lesred1,7.1446875
105,650701.wav,3,0,lesred1,9.752375
106,650560.wav,3,0,lesred1,29.4875
107,650559.wav,2,0,lesred1,23.8431875
108,642177.wav,1,0,lesred1,21.6899375
109,641146.wav,5,0,lesred1,6.1103125
110,639799.wav,1,0,lesred1,49.7199375
111,639798.wav,1,0,lesred1,58.8515
112,638992.wav,1,0,lesred1,9.4126875
113,637920.wav,5,0,lesred1,8.5
114,627539.wav,5,0,lesred1,8.551875
115,627538.wav,4,0,lesred1,13.0745
116,627536.wav,2,0,lesred1,22.6583125
117,627535.wav,2,0,lesred1,19.2629375
118,626653.wav,4,0,lesred1,16.7645625
119,626652.wav,1,0,lesred1,4.5279375
120,626621.wav,1,0,lesred1,7.243375
121,626619.wav,4,0,lesred1,7.981375
122,619015.wav,1,0,lesred1,28.71625
123,619014.wav,1,0,lesred1,16.022625
124,619013.wav,5,0,lesred1,12.9171875
125,619012.wav,4,0,lesred1,14.2983125
126,619011.wav,1,0,lesred1,36.437125
127,619001.wav,5,0,lesred1,36.10825
128,619000.wav,1,0,lesred1,10.33025
129,618999.wav,5,0,lesred1,23.349375
130,618994.wav,5,0,lesred1,2.8060625
131,617157.wav,3,0,lesred1,9.436375
132,617156.wav,4,0,lesred1,3.1575
133,617153.wav,2,0,lesred1,22.7561875
134,617150.wav,5,0,lesred1,11.6730625
135,617147.wav,5,0,lesred1,42.4264375
136,617145.wav,3,0,lesred1,25.4091875
137,614963.wav,2,0,lesred1,2.5283125
138,614231.wav,2,0,lesred1,3.999875
139,614229.wav,3,0,lesred1,2.3048125
140,614228.wav,3,0,lesred1,27.302875
141,614226.wav,4,0,lesred1,18.1134375
142,614225.wav,5,0,lesred1,25.8135625
143,614223.wav,4,0,lesred1,4.9778125
144,611695.wav,3,0,lesred1,2.828375
145,611057.wav,5,0,lesred1,81.3191875
146,603468.wav,4,0,lesred1,6.01725
147,601948.wav,4,0,lesred1,26.468625
148,601947.wav,4,0,lesred1,9.6670625
149,600665.wav,3,0,lesred1,10.0445
150,597448.wav,5,0,lesred1,28.016
151,597283.wav,4,0,lesred1,6.672
152,595041.wav,1,0,lesred1,10.4954375
153,594960.wav,5,0,lesred1,14.1035625
154,593794.wav,4,0,lesred1,8.1911875
155,569422.wav,5,0,lesred1,34.7458125
156,569421.wav,5,0,lesred1,30.0894375
157,569420.wav,5,0,lesred1,14.7810625
158,569419.wav,1,0,lesred1,23.4084375
159,569418.wav,1,0,lesred1,9.521125
160,569414.wav,1,0,lesred1,8.3699375
161,565332.wav,1,0,lesred1,4.6258125
162,562680.wav,3,0,lesred1,13.457625
163,535758.wav,3,0,lesred1,3.4575625
164,535754.wav,4,0,lesred1,8.3504375
165,524620.wav,3,0,lesred1,50.592
166,489224.wav,5,0,lesred1,18.07675
167,482789.wav,1,0,lesred1,11.67675
168,435238.wav,1,0,lesred1,10.9725
169,393812.wav,5,0,lesred1,23.133375
170,379859.wav,5,0,lesred1,16.8268125
171,379853.wav,3,0,lesred1,8.9349375
172,354533.wav,1,0,lesred1,22.4798125
173,350459.wav,2,0,lesred1,3.838
174,350458.wav,2,0,lesred1,4.323875
175,325247.wav,3,0,lesred1,43.6061875
176,324628.wav,4,0,lesred1,20.2449375
177,293851.wav,4,0,lesred1,65.54125
178,288884.wav,5,0,lesred1,24.1826875
179,281793.wav,3,0,lesred1,6.5045
180,243940.wav,3,0,lesred1,33.4966875
181,212526.wav,3,0,lesred1,56.2155
182,206477.wav,4,0,lesred1,25.887375
183,202054.wav,1,0,lesred1,11.538125
184,202041.wav,4,0,lesred1,10.7830625
185,188413.wav,1,0,lesred1,86.0193125
186,187930.wav,1,0,lesred1,11.1456875
187,187929.wav,3,0,lesred1,7.7649375
188,152432.wav,4,0,lesred1,15.595125
189,146727.wav,4,0,lesred1,23.6593125
190,90382.wav,4,0,lesred1,21.969
191,77423.wav,3,0,lesred1,36.179625
192,77421.wav,3,0,lesred1,26.5143125
193,55413.wav,1,0,lesred1,29.897
194,49752.wav,4,0,lesred1,17.789375
195,26308.wav,1,0,lesred1,15.41225
196,26244.wav,1,0,lesred1,14.053875
197,693050.wav,5,0,lesred1,18.271875
198,693049.wav,4,0,lesred1,9.5121875
199,692796.wav,4,0,lesred1,13.2818125
200,684173.wav,4,0,lesred1,26.5873125
201,684124.wav,1,0,lesred1,5.13425
202,684092.wav,3,0,lesred1,15.1189375
203,682838.wav,5,0,lesred1,12.31075
204,681829.wav,3,0,lesred1,10.0551875
205,680117.wav,2,0,lesred1,13.4743125
206,680116.wav,2,0,lesred1,3.2573125
207,667449.wav,3,0,lesred1,206.8375625
208,642179.wav,3,0,lesred1,11.5765625
209,642178.wav,3,0,lesred1,56.76225
210,632506.wav,4,0,lesred1,7.032
211,632505.wav,1,0,lesred1,15.0
212,632504.wav,2,0,lesred1,4.032
213,619732.wav,3,0,lesred1,24.2478125
214,619730.wav,3,0,lesred1,17.7031875
215,619017.wav,4,0,lesred1,17.5069375
216,619016.wav,3,0,lesred1,34.49175
217,619009.wav,3,0,lesred1,28.696
218,618235.wav,3,0,lesred1,3.3436875
219,616690.wav,1,0,lesred1,9.5606875
220,614844.wav,1,0,lesred1,5.8019375
221,613784.wav,4,0,lesred1,18.7298125
222,611694.wav,2,0,lesred1,3.86325
223,599251.wav,3,0,lesred1,19.017125
224,599246.wav,1,0,lesred1,18.311875
225,597235.wav,5,0,lesred1,11.2326875
226,596838.wav,3,0,lesred1,45.72
227,594388.wav,3,0,lesred1,7.461875
228,594387.wav,5,0,lesred1,2.5469375
229,594384.wav,4,0,lesred1,4.049375
230,593285.wav,2,0,lesred1,4.911
231,584309.wav,4,0,lesred1,16.251375
232,393817.wav,4,0,lesred1,22.6870625
233,390301.wav,4,0,lesred1,36.06
234,379924.wav,3,0,lesred1,9.821125
235,379923.wav,4,0,lesred1,13.29425
236,323041.wav,3,0,lesred1,13.4098125
237,295295.wav,4,0,lesred1,13.6359375
238,200064.wav,2,0,lesred1,12.721
239,198575.wav,4,0,lesred1,3.99675
240,142998.wav,1,0,lesred1,9.867375
241,69801.wav,1,0,lesred1,6.99525
242,682670.wav,2,0,lesred1,16.1031875
243,639800.wav,3,0,lesred1,12.68175
244,638991.wav,5,0,lesred1,14.00425
245,638990.wav,2,0,lesred1,10.5098125
246,596948.wav,1,0,lesred1,22.7928125
247,596087.wav,4,0,lesred1,15.648
248,586780.wav,1,0,lesred1,22.8
249,558059.wav,4,0,lesred1,200.272125
250,546533.wav,5,0,lesred1,5.4495625
251,545324.wav,3,0,lesred1,3.2710625
252,505391.wav,2,0,lesred1,7.4295
253,470684.wav,2,0,lesred1,13.22375
254,400416.wav,4,0,lesred1,4.4178125
255,323033.wav,2,0,lesred1,45.30375
256,597755.wav,1,0,lesred1,13.015
257,590995.wav,3,0,lesred1,10.79925
258,443698.wav,5,0,lesred1,16.465
259,443697.wav,5,0,lesred1,33.457
260,443696.wav,4,0,lesred1,10.081
261,701212.wav,3,1,comred,12.1921875
262,696590.wav,5,1,comred,12.80725
263,696352.wav,4,1,comred,19.4145625
264,689276.wav,4,1,comred,11.513125
265,688285.wav,2,1,comred,11.5
266,688283.wav,1,1,comred,16.0
267,688282.wav,3,1,comred,31.0
268,688278.wav,2,1,comred,12.0
269,688277.wav,3,1,comred,16.0
270,688275.wav,4,1,comred,27.0
271,688273.wav,1,1,comred,17.0
272,688249.wav,4,1,comred,20.0
273,688248.wav,5,1,comred,16.0
274,688247.wav,3,1,comred,42.0
275,687649.wav,4,1,comred,42.7173125
276,687648.wav,2,1,comred,75.0
277,687647.wav,4,1,comred,20.75
278,687222.wav,5,1,comred,44.4790625
279,686353.wav,1,1,comred,9.365
280,680536.wav,3,1,comred,60.081625
281,677168.wav,5,1,comred,16.994375
282,674757.wav,2,1,comred,21.4204375
283,673442.wav,4,1,comred,32.3473125
284,673441.wav,4,1,comred,13.8301875
285,642110.wav,2,1,comred,10.18775
286,628446.wav,1,1,comred,54.358125
287,626750.wav,2,1,comred,10.56
288,610600.wav,1,1,comred,15.2555
289,607060.wav,2,1,comred,140.496
290,604215.wav,1,1,comred,50.1095
291,599650.wav,3,1,comred,27.298
292,583715.wav,4,1,comred,13.750875
293,552770.wav,5,1,comred,207.9413125
294,535779.wav,3,1,comred,73.182625
295,503379.wav,4,1,comred,9.101375
296,489924.wav,2,1,comred,40.04575
297,489923.wav,1,1,comred,160.391875
298,489922.wav,4,1,comred,35.1869375
299,489921.wav,1,1,comred,15.30775
300,489920.wav,2,1,comred,24.189375
301,489919.wav,2,1,comred,10.266125
302,489918.wav,2,1,comred,31.3730625
303,489917.wav,2,1,comred,98.795125
304,489916.wav,4,1,comred,239.8824375
305,489915.wav,4,1,comred,35.3436875
306,488205.wav,1,1,comred,57.45225
307,488039.wav,5,1,comred,13.9493125
308,457204.wav,4,1,comred,22.68
309,448473.wav,1,1-2,comred,9.18
310,448470.wav,5,1-2,comred,4.968
311,445187.wav,1,1,comred,22.857125
312,445111.wav,5,1,comred,8.158125
313,444032.wav,1,1,comred,23.335
314,443141.wav,2,1,comred,19.536
315,438867.wav,4,1,comred,5.90675
316,437868.wav,3,1,comred,28.119375
317,437867.wav,1,1,comred,52.7786875
318,437865.wav,2,1,comred,24.0326875
319,435385.wav,4,1,comred,11.4165625
320,430003.wav,5,1,comred,17.1546875
321,416053.wav,5,1,comred,12.1451875
322,404555.wav,5,1,comred,33.36
323,398879.wav,2,1,comred,7.5504375
324,398876.wav,2,1,comred,14.44575
325,396879.wav,4,1,comred,11.520125
326,396349.wav,2,1,comred,197.952
327,393607.wav,1,1,comred,11.337125
328,391795.wav,1,1,comred,30.04425
329,390508.wav,3,1,comred,6.9620625
330,390060.wav,1,1,comred,22.1738125
331,389991.wav,1,1,comred,10.2051875
332,388931.wav,3,1,comred,10.104
333,383642.wav,5,1,comred,31.635
334,383641.wav,3,1,comred,37.143
335,383640.wav,3,1,comred,59.104
336,377954.wav,5,1,comred,51.069375
337,377952.wav,2,1,comred,13.009
338,377950.wav,2,1,comred,55.6146875
339,377949.wav,2,1,comred,63.6081875
340,356797.wav,2,1,comred,34.92
341,342798.wav,3,1,comred,10.82875
342,338595.wav,1,1,comred,16.1654375
343,324764.wav,3,1,comred,12.2298125
344,263908.wav,5,1,comred,11.005875
345,263907.wav,3,1,comred,41.09325
346,218773.wav,5,1,comred,21.672
347,218772.wav,3,1,comred,72.936
348,218758.wav,3,1,comred,30.864
349,216986.wav,5,1,comred,17.6588125
350,216985.wav,1,1,comred,12.95675
351,205676.wav,2,1,comred,33.3845625
352,205530.wav,3,1,comred,49.008
353,190075.wav,1,1,comred,42.7479375
354,172086.wav,3,1-2,comred,127.249
355,171759.wav,1,1-2,comred,10.825
356,168551.wav,2,1,comred,67.08
357,152950.wav,1,1,comred,29.736
358,152480.wav,2,1,comred,31.651125
359,144148.wav,4,1,comred,18.1511875
360,141708.wav,1,1,comred,22.56
361,130445.wav,5,1,comred,124.9959375
362,128128.wav,1,1,comred,132.022875
363,107048.wav,4,1,comred,48.2481875
364,92046.wav,5,1,comred,15.384
365,92045.wav,4,1,comred,18.96
366,64630.wav,5,1,comred,29.1526875
367,58550.wav,4,1,comred,29.1526875
368,43844.wav,1,1,comred,9.6130625
369,41077.wav,1,1,comred,13.536
370,41076.wav,1,1,comred,42.48
371,41075.wav,5,1,comred,15.864
372,36320.wav,4,1,comred,15.751875
373,35068.wav,5,1,comred,5.06775
374,703581.wav,2,1,comred,11.055
375,701213.wav,4,1,comred,35.199375
376,699250.wav,1,1,comred,145.2
377,698908.wav,1,1,comred,40.9041875
378,696351.wav,1,1,comred,55.2275
379,696350.wav,5,1,comred,26.8889375
380,696349.wav,3,1,comred,27.1395625
381,691309.wav,3,1,comred,127.2090625
382,688284.wav,4,1,comred,12.0
383,688281.wav,3,1,comred,32.0
384,688280.wav,3,1,comred,21.0
385,688279.wav,2,1,comred,8.228
386,688274.wav,3,1,comred,27.0
387,688272.wav,1,1,comred,24.0
388,688271.wav,1,1,comred,29.0
389,687246.wav,4,1,comred,20.0791875
390,686352.wav,5,1,comred,21.556
391,684785.wav,2,1,comred,9.144
392,682505.wav,2,1,comred,4.712875
393,682504.wav,2,1,comred,6.6566875
394,675889.wav,1,1,comred,27.8465625
395,675600.wav,1,1,comred,15.0988125
396,675324.wav,5,1,comred,43.337125
397,675172.wav,5,1,comred,21.0546875
398,674866.wav,1,1,comred,19.539625
399,663032.wav,3,1,comred,20.9186875
400,657040.wav,2,1,comred,21.771625
401,645823.wav,2,1,comred,15.409
402,645822.wav,2,1,comred,23.473
403,642111.wav,2,1,comred,41.299625
404,642109.wav,1,1,comred,2.0636875
405,641882.wav,2,1,comred,5.565
406,641880.wav,4,1,comred,9.81
407,641879.wav,4,1,comred,11.085
408,637842.wav,4,1,comred,267.44275
409,616532.wav,1,1,comred,11.5865
410,613369.wav,4,1,comred,8.895625
411,603111.wav,4,1,comred,21.9291875
412,601588.wav,2,1,comred,8.829375
413,601144.wav,1,1,comred,30.3804375
414,600204.wav,4,1,comred,3.2914375
415,600088.wav,4,1,comred,6.426125
416,599176.wav,5,1,comred,8.787
417,598950.wav,4,1,comred,10.213875
418,597291.wav,3,1,comred,3.295
419,597290.wav,2,1,comred,3.735
420,595602.wav,5,1,comred,36.2901875
421,594605.wav,3,1,comred,19.269625
422,594330.wav,3,1,comred,20.5845
423,594295.wav,2,1,comred,20.0359375
424,593572.wav,3,1,comred,10.031
425,593202.wav,1,1,comred,32.92675
426,591127.wav,4,1,comred,16.2641875
427,589966.wav,2,1,comred,12.598125
428,589748.wav,4,1,comred,9.332125
429,571267.wav,3,1,comred,6.1563125
430,567556.wav,1,1,comred,28.5256875
431,536918.wav,2,1,comred,23.226
432,535780.wav,3,1,comred,43.007375
433,535778.wav,2,1,comred,16.5706875
434,535777.wav,5,1,comred,1.8900625
435,535776.wav,2,1,comred,6.6236875
436,535775.wav,4,1,comred,17.7985
437,535774.wav,3,1,comred,21.839125
438,535773.wav,4,1,comred,2.6143125
439,535772.wav,1,1,comred,25.58525
440,535770.wav,1,1,comred,1.1393125
441,535769.wav,2,1,comred,19.3158125
442,535768.wav,3,1,comred,14.2154375
443,535767.wav,5,1,comred,2.2733125
444,535766.wav,2,1,comred,1.1393125
445,535765.wav,3,1,comred,20.715125
446,535764.wav,3,1,comred,1.726125
447,535763.wav,2,1,comred,88.522125
448,535762.wav,3,1,comred,6.8661875
449,535761.wav,2,1,comred,16.64
450,535760.wav,4,1,comred,124.5446875
451,535757.wav,5,1,comred,4.7543125
452,535756.wav,2,1,comred,4.6834375
453,535755.wav,1,1,comred,5.1903125
454,530512.wav,4,1,comred,19.483125
455,514125.wav,2,1,comred,20.057125
456,505076.wav,1,1,comred,27.3935625
457,503740.wav,3,1,comred,10.1455625
458,500745.wav,5,1,comred,15.534
459,493425.wav,1,1,comred,13.949375
460,486004.wav,1,1,comred,10.5365625
461,481085.wav,1,1,comred,7.47825
462,479150.wav,4,1,comred,92.7769375
463,478956.wav,5,1,comred,7.9215625
464,478951.wav,5,1,comred,14.363
465,474447.wav,5,1,comred,30.850625
466,470814.wav,1,1,comred,12.168
467,470813.wav,4,1,comred,13.416
468,464223.wav,4,1,comred,13.1668125
469,446867.wav,1,1,comred,13.2443125
470,445114.wav,5,1,comred,10.7693125
471,445113.wav,2,1,comred,8.4590625
472,445112.wav,1,1,comred,12.367125
473,442674.wav,3,1,comred,37.329
474,441845.wav,4,1,comred,2.8745625
475,441593.wav,1,1,comred,15.864
476,441591.wav,5,1,comred,8.64
477,441590.wav,2,1,comred,12.888
478,441589.wav,4,1,comred,12.6
479,441588.wav,5,1,comred,23.064
480,441264.wav,5,1,comred,44.3958125
481,441209.wav,2,1,comred,7.1041875
482,438866.wav,2,1,comred,8.9659375
483,438453.wav,5,1,comred,10.3253125
484,438134.wav,4,1,comred,27.9365
485,437866.wav,2,1,comred,25.507125
486,437864.wav,2,1,comred,54.564
487,435382.wav,3,1,comred,6.7668125
488,435242.wav,1,1,comred,11.1815
489,435239.wav,3,1,comred,10.2410625
490,404554.wav,5,1,comred,15.048
491,397786.wav,5,1,comred,24.5303125
492,397443.wav,2,1,comred,3.1243125
493,394762.wav,4,1,comred,0.9865
494,394761.wav,3,1,comred,9.247375
495,394093.wav,1,1,comred,138.216
496,393582.wav,4,1,comred,10.3600625
497,393241.wav,1,1,comred,17.04
498,383524.wav,5,1,comred,43.0236875
499,382982.wav,3,1,comred,23.4840625
500,382981.wav,1,1,comred,26.1746875
501,382978.wav,2,1,comred,10.2373125
502,382977.wav,1,1,comred,69.5458125
503,368329.wav,5,1,comred,12.279625
504,362653.wav,1,1,comred,16.968
505,361603.wav,2,1,comred,174.504
506,356799.wav,5,1,comred,33.336
507,356249.wav,5,1,comred,15.432
508,353871.wav,2,1,comred,7.536
509,353705.wav,3,1,comred,11.232
510,352335.wav,3,1,comred,4.441875
511,352334.wav,1,1,comred,11.9651875
512,351508.wav,5,1,comred,20.328
513,350461.wav,1,1,comred,23.947875
514,350460.wav,1,1,comred,16.7531875
515,343272.wav,2,1,comred,138.3716875
516,336154.wav,3,1,comred,10.008
517,336152.wav,2,1,comred,16.608
518,331302.wav,3,1,comred,16.536
519,322836.wav,4,1,comred,25.65225
520,322824.wav,1,1,comred,35.1085625
521,309038.wav,4,1,comred,56.3861875
522,298953.wav,2,1,comred,37.3224375
523,293016.wav,3,1,comred,16.081
524,289567.wav,1,1,comred,19.35675
525,283903.wav,2,1,comred,26.7866875
526,254577.wav,1,1,comred,22.597
527,254576.wav,5,1,comred,46.995375
528,240481.wav,5,1,comred,23.1920625
529,236475.wav,1,1,comred,22.422375
530,218778.wav,4,1,comred,196.848
531,218776.wav,1,1,comred,31.824
532,218775.wav,2,1,comred,33.912
533,218769.wav,5,1,comred,4.824
534,218767.wav,4,1,comred,36.504
535,218762.wav,4,1,comred,32.448
536,218760.wav,5,1,comred,37.488
537,218759.wav,4,1,comred,25.272
538,218757.wav,2,1,comred,5.856
539,218756.wav,3,1,comred,5.496
540,218754.wav,1,1,comred,56.04
541,218753.wav,1,1,comred,106.488
542,218751.wav,4,1,comred,124.272
543,208556.wav,4,1,comred,27.8726875
544,205534.wav,3,1,comred,30.864
545,205098.wav,2,1,comred,25.10475
546,172364.wav,5,1,comred,52.273
547,172075.wav,5,1-2,comred,87.817
548,171760.wav,1,1-2,comred,59.425
549,171758.wav,5,1-2,comred,12.481
550,171756.wav,1,1-2,comred,81.625
551,171755.wav,3,1-2,comred,34.729
552,158097.wav,5,1,comred,12.048
553,156267.wav,2,1,comred,25.296
554,153592.wav,1,1,comred,4.284
555,149178.wav,3,1,comred,6.8440625
556,138254.wav,3,1,comred,16.666125
557,138244.wav,3,1,comred,19.8530625
558,130443.wav,1,1,comred,20.7935
559,118265.wav,1,1,comred,18.192
560,115598.wav,5,1,comred,23.952
561,115597.wav,1,1,comred,35.808
562,115596.wav,1,1,comred,49.104
563,115595.wav,3,1,comred,11.088
564,113483.wav,5,1,comred,176.1175625
565,113480.wav,3,1,comred,27.219625
566,112447.wav,2,1,comred,3.9445
567,111873.wav,5,1,comred,5.6324375
568,100976.wav,2,1,comred,33.7705625
569,87487.wav,5,1,comred,30.929
570,67142.wav,5,1,comred,67.78775
571,65865.wav,3,1,comred,11.46775
572,31603.wav,4,1,comred,63.430625
573,30885.wav,4,1,comred,47.94
574,25622.wav,1,1,comred,8.6465625
575,683652.wav,2,1,comred,5.906
576,680317.wav,1,1,comred,6.4435625
577,675360.wav,5,1,comred,45.035125
578,675173.wav,3,1,comred,73.7436875
579,674871.wav,3,1,comred,21.733875
580,674780.wav,3,1,comred,45.035125
581,674759.wav,5,1,comred,28.9436875
582,674758.wav,5,1,comred,49.4759375
583,674225.wav,4,1,comred,10.631875
584,645820.wav,5,1,comred,89.905
585,629569.wav,3,1,comred,3.37
586,622945.wav,3,1,comred,7.3926875
587,620749.wav,2,1,comred,36.6875625
588,614178.wav,4,1,comred,18.259875
589,607762.wav,5,1,comred,3.163
590,603130.wav,3,1,comred,4.061
591,602191.wav,3,1,comred,14.088
592,600151.wav,3,1,comred,19.553
593,592902.wav,2,1,comred,21.098
594,591292.wav,3,1,comred,4.970625
595,590162.wav,5,1,comred,4.3305625
596,540516.wav,2,1,comred,8.7539375
597,513651.wav,2,1,comred,13.871
598,508024.wav,5,1,comred,18.6775625
599,507032.wav,1,1,comred,19.2948125
600,488207.wav,5,1,comred,30.02125
601,488042.wav,1,1,comred,6.359375
602,488038.wav,1,1,comred,8.0666875
603,488033.wav,1,1,comred,3.5908125
604,488031.wav,2,1,comred,17.24825
605,488004.wav,3,1,comred,5.5228125
606,479147.wav,1,1,comred,15.5016875
607,479145.wav,4,1,comred,56.421375
608,478958.wav,1,1,comred,73.7094375
609,478957.wav,3,1,comred,90.128375
610,478954.wav,5,1,comred,29.7944375
611,478953.wav,4,1,comred,21.7890625
612,478952.wav,4,1,comred,14.363
613,460785.wav,1,1,comred,25.809
614,435384.wav,1,1,comred,21.16025
615,435383.wav,5,1,comred,15.961875
616,435261.wav,5,1,comred,14.4729375
617,435246.wav,4,1,comred,20.6116875
618,435245.wav,3,1,comred,11.99125
619,435244.wav,4,1,comred,4.859875
620,435243.wav,5,1,comred,17.7904375
621,435241.wav,1,1,comred,17.5815
622,435240.wav,3,1,comred,5.4606875
623,432024.wav,4,1,comred,16.718375
624,432023.wav,1,1,comred,20.9501875
625,432022.wav,4,1,comred,21.2898125
626,413172.wav,2,1,comred,57.649
627,413171.wav,5,1,comred,74.569
628,397442.wav,4,1,comred,17.351
629,395211.wav,3,1,comred,24.624
630,394965.wav,3,1,comred,37.728
631,394131.wav,3,1,comred,7.824
632,394130.wav,3,1,comred,6.888
633,394092.wav,1,1,comred,31.248
634,394091.wav,1,1,comred,7.68
635,393597.wav,4,1,comred,9.6130625
636,393594.wav,1,1,comred,10.9453125
637,393199.wav,2,1,comred,9.169
638,392983.wav,2,1,comred,4.776
639,391927.wav,4,1,comred,23.4
640,391926.wav,1,1,comred,12.288
641,391924.wav,1,1,comred,16.368
642,391922.wav,2,1,comred,5.448
643,391921.wav,5,1,comred,16.704
644,391920.wav,3,1,comred,7.56
645,391860.wav,1,1,comred,37.032
646,391312.wav,2,1,comred,18.177
647,388703.wav,3,1,comred,8.9899375
648,383245.wav,2,1,comred,6.607875
649,362655.wav,2,1,comred,33.504
650,362654.wav,3,1,comred,147.84
651,362652.wav,4,1,comred,12.864
652,360530.wav,5,1,comred,8.544
653,359282.wav,1,1,comred,10.475125
654,354428.wav,3,1,comred,7.608
655,353710.wav,4,1,comred,14.808
656,353704.wav,5,1,comred,95.856
657,353703.wav,2,1,comred,33.096
658,351358.wav,5,1,comred,34.105
659,343271.wav,4,1,comred,27.0639375
660,343263.wav,1,1,comred,32.78475
661,336153.wav,3,1,comred,8.088
662,288185.wav,4,1,comred,10.3716875
663,287573.wav,4,1,comred,6.481
664,284478.wav,2,1,comred,28.8653125
665,218766.wav,4,1,comred,21.96
666,218765.wav,5,1,comred,20.976
667,214125.wav,3,1,comred,34.0636875
668,207465.wav,1,1,comred,16.58775
669,206539.wav,3,1,comred,9.0645
670,205532.wav,4,1,comred,38.736
671,200564.wav,5,1,comred,9.84925
672,174612.wav,2,1,comred,24.193
673,172366.wav,1,1-2,comred,10.273
674,172363.wav,2,1,comred,20.977
675,171753.wav,2,1,comred,10.585
676,171746.wav,1,1,comred,8.569
677,171369.wav,5,1,comred,10.465
678,168262.wav,2,1,comred,9.96
679,167405.wav,3,1,comred,10.944
680,156266.wav,3,1,comred,28.992
681,152747.wav,2,1,comred,63.648
682,152022.wav,5,1,comred,84.48
683,149167.wav,2,1,comred,5.7208125
684,149166.wav,3,1,comred,9.142875
685,134016.wav,5,1,comred,36.7281875
686,128671.wav,1,1,comred,8.5420625
687,128669.wav,3,1,comred,16.0391875
688,128668.wav,1,1,comred,16.457125
689,115642.wav,3,1,comred,40.0799375
690,115600.wav,5,1,comred,29.168125
691,115599.wav,1,1,comred,8.448
692,112392.wav,1,1,comred,20.74125
693,93659.wav,2,1,comred,68.96325
694,30887.wav,3,1,comred,29.88
695,30886.wav,1,1,comred,44.8188125
696,623253.wav,2,1,comred,102.1070625
697,622114.wav,4,1,comred,9.8220625
698,617705.wav,3,1,comred,4.341375
699,599431.wav,3,1,comred,13.9103125
700,598785.wav,3,1,comred,9.6653125
701,591347.wav,5,1,comred,1.682125
702,591346.wav,3,1,comred,2.3664375
703,589384.wav,2,1,comred,7.2115
704,574295.wav,1,1,comred,10.50125
705,505135.wav,4,1,comred,11.650625
706,504877.wav,1,1,comred,10.7363125
707,488208.wav,4,1,comred,3.5889375
708,488206.wav,1,1,comred,209.7763125
709,488204.wav,5,1,comred,49.1506875
710,488202.wav,2,1,comred,29.5439375
711,488041.wav,5,1,comred,14.3639375
712,488040.wav,3,1,comred,14.3639375
713,488037.wav,5,1,comred,18.300875
714,488034.wav,3,1,comred,7.62225
715,486718.wav,2,1,comred,9.553375
716,485861.wav,1,1,comred,20.1271875
717,485176.wav,3,1,comred,7.8314375
718,483279.wav,5,1,comred,22.813625
719,479149.wav,1,1,comred,98.1764375
720,479148.wav,1,1,comred,53.747375
721,478955.wav,5,1,comred,16.5255625
722,440688.wav,2,1,comred,12.144
723,429202.wav,4,1,comred,36.72825
724,428956.wav,5,1-16,comred,38.617
725,428955.wav,2,1,comred,15.073
726,394300.wav,5,1,comred,24.936
727,393760.wav,5,1,comred,8.064
728,393596.wav,5,1,comred,4.96325
729,391925.wav,2,1,comred,25.68
730,391919.wav,4,1,comred,5.664
731,343264.wav,4,1,comred,26.149625
732,294819.wav,1,1,comred,6.228625
733,171330.wav,1,1,comred,15.913
734,169545.wav,5,1,comred,11.952
735,167503.wav,1,1,comred,20.376
736,167406.wav,1,1,comred,54.552
737,153290.wav,5,1,comred,30.192
738,129460.wav,2,1,comred,37.6685625
739,128856.wav,2,1,comred,12.826125
740,128684.wav,2,1,comred,12.1991875
741,128680.wav,5,1,comred,8.829375
742,128678.wav,2,1,comred,5.355125
743,30884.wav,4,1,comred,31.7
744,534876.wav,1,1,comred,45.0
745,488210.wav,4,1,comred,13.109875
746,488203.wav,3,1,comred,16.1924375
747,452845.wav,1,1,comred,9.4448125
748,425149.wav,3,1,comred,16.849
749,425148.wav,5,1,comred,15.913
750,425147.wav,2,1,comred,12.073
751,425146.wav,3,1,comred,14.521
752,425145.wav,2,1,comred,36.313
753,425144.wav,3,1,comred,18.913
754,209317.wav,2,1,comred,6.9446875
755,129109.wav,2,1,comred,33.7763125
756,491612.wav,1,2,hoared,117.72
757,312665.wav,1,2,hoared,87.6
758,491056.wav,3,2,hoared,229.128
759,446942.wav,4,2,hoared,40.104
760,424283.wav,4,2,hoared,35.088
761,420271.wav,3,2,hoared,15.6158125
762,413479.wav,1,2,hoared,107.1804375
763,413475.wav,4,2,hoared,105.736125
764,398790.wav,1,2,hoared,10.811875
765,322840.wav,5,2,hoared,28.6301875
766,276914.wav,1,2,hoared,6.744
767,276907.wav,3,2,hoared,41.304
768,142566.wav,4,2,hoared,11.28
769,142565.wav,1,2,hoared,10.272
770,142564.wav,2,2,hoared,51.48
771,142562.wav,3,2,hoared,10.968
772,142535.wav,3,2,hoared,15.912
773,142534.wav,5,2,hoared,17.352
774,142533.wav,5,2,hoared,13.368
775,142532.wav,2,2,hoared,26.28
776,142530.wav,5,2,hoared,8.76
777,142529.wav,2,2,hoared,43.776
778,142528.wav,1,2,hoared,15.144
779,142527.wav,2,2,hoared,11.952
780,142525.wav,4,2,hoared,52.296
781,142524.wav,3,2,hoared,13.128
782,142523.wav,3,2,hoared,31.584
783,140732.wav,2,2,hoared,12.384
784,140682.wav,2,2,hoared,16.224
785,140681.wav,3,2,hoared,38.928
786,140680.wav,4,2,hoared,60.96
787,140679.wav,1,2,hoared,44.424
788,140678.wav,4,2,hoared,53.472
789,140677.wav,5,2,hoared,12.96
790,139101.wav,2,2,hoared,48.3265625
791,138977.wav,5,2,hoared,36.989375
792,135137.wav,4,2,hoared,17.712
793,65804.wav,5,2,hoared,72.071875
794,64631.wav,4,2,hoared,75.650625
795,47818.wav,4,2,hoared,14.9943125
796,41151.wav,4,2,hoared,0.8881875
797,41150.wav,2,2,hoared,1.7240625
798,41147.wav,4,2,hoared,2.351
799,41146.wav,5,2,hoared,0.9143125
800,687052.wav,1,2,hoared,16.9288125
801,638958.wav,2,2,hoared,17.4759375
802,638956.wav,3,2,hoared,13.191875
803,597101.wav,4,2,hoared,43.1786875
804,597097.wav,2,2,hoared,17.7493125
805,597094.wav,4,2,hoared,19.1146875
806,597093.wav,1,2,hoared,16.896
807,543462.wav,1,2,hoared,47.62275
808,539250.wav,2,2,hoared,10.7363125
809,401659.wav,3,2,hoared,1.28675
810,354767.wav,2,2,hoared,14.568
811,323098.wav,4,2,hoared,10.057125
812,322854.wav,2,2,hoared,47.647375
813,93009.wav,5,2,hoared,40.778625
814,602114.wav,5,2,hoared,15.5306875
815,480024.wav,1,2,hoared,24.1044375
816,322839.wav,1,2,hoared,31.2163125
817,284481.wav,5,2-1,hoared,53.6555
818,378203.wav,3,2,hoared,22.9355
819,378112.wav,4,2,hoared,10.7101875
820,172356.wav,5,2-1,hoared,61.105
821,172090.wav,4,2,hoared,9.841
822,172089.wav,2,2-1,hoared,88.489
823,172074.wav,2,2-1,hoared,124.633
824,172073.wav,4,2,hoared,10.993
825,172072.wav,2,2-1,hoared,98.113
826,172071.wav,5,2-1,hoared,89.425
827,165063.wav,5,2,hoared,11.52
828,171349.wav,2,2,hoared,7.584
829,697077.wav,5,3,shikra1,43.0498125
830,690030.wav,1,3,shikra1,39.50825
831,690029.wav,3,3,shikra1,33.2524375
832,689780.wav,5,3,shikra1,39.967375
833,664412.wav,4,3,shikra1,12.6325
834,654201.wav,4,3,shikra1,33.779625
835,637309.wav,2,3,shikra1,6.2850625
836,637308.wav,3,3,shikra1,57.48275
837,637306.wav,3,3,shikra1,68.2136875
838,637299.wav,3,3,shikra1,11.86775
839,555534.wav,1,3,shikra1,55.2844375
840,523320.wav,2,3,shikra1,54.624375
841,510776.wav,1,3,shikra1,12.4081875
842,479741.wav,1,3,shikra1,29.0
843,437636.wav,1,3,shikra1,35.99675
844,282409.wav,3,3,shikra1,75.996
845,236701.wav,3,3,shikra1,73.057
846,156908.wav,1,3,shikra1,98.599125
847,149365.wav,1,3,shikra1,3.72
848,145288.wav,3,3,shikra1,76.272
849,145284.wav,5,3,shikra1,59.688
850,145283.wav,2,3,shikra1,52.776
851,74668.wav,4,3,shikra1,6.1649375
852,43605.wav,5,3,shikra1,32.287375
853,698015.wav,3,3,shikra1,23.4105
854,660991.wav,4,3,shikra1,78.653625
855,659804.wav,1,3,shikra1,33.4005625
856,637297.wav,5,3,shikra1,3.666
857,623720.wav,1,3,shikra1,7.3504375
858,610335.wav,2,3,shikra1,15.925
859,610088.wav,1,3,shikra1,25.984
860,608134.wav,2,3,shikra1,6.528
861,600468.wav,4,3,shikra1,2.453375
862,591136.wav,3,3,shikra1,152.96
863,580084.wav,2,3,shikra1,33.071
864,546644.wav,2,3,shikra1,5.136
865,546640.wav,5,3,shikra1,6.168
866,545721.wav,2,3,shikra1,147.5626875
867,530646.wav,5,3,shikra1,8.605
868,523463.wav,2,3,shikra1,65.1643125
869,523462.wav,3,3,shikra1,32.59325
870,523456.wav,2,3,shikra1,5.495625
871,518360.wav,3,3,shikra1,10.6840625
872,469384.wav,5,3,shikra1,39.4769375
873,466298.wav,4,3,shikra1,6.8386875
874,460284.wav,2,3,shikra1,22.12575
875,460281.wav,3,3,shikra1,14.8636875
876,451536.wav,4,3,shikra1,39.83675
877,441583.wav,3,3,shikra1,10.29825
878,440423.wav,2,3,shikra1,122.2235
879,426353.wav,3,3,shikra1,20.767375
880,413074.wav,5,3,shikra1,10.449
881,401593.wav,3,3,shikra1,12.4234375
882,374784.wav,1,3,shikra1,36.3834375
883,366525.wav,4,3,shikra1,12.072
884,366522.wav,4,3,shikra1,18.912
885,366521.wav,5,3,shikra1,38.328
886,366520.wav,3,3,shikra1,34.224
887,365078.wav,3,3,shikra1,7.4546875
888,364120.wav,5,3,shikra1,47.5471875
889,343014.wav,2,3,shikra1,47.113
890,341470.wav,3,3,shikra1,8.2024375
891,338897.wav,4,3,shikra1,25.573875
892,338896.wav,5,3,shikra1,17.5020625
893,328068.wav,2,3,shikra1,11.05125
894,311113.wav,2,3,shikra1,30.902875
895,311112.wav,1,3,shikra1,18.7559375
896,296421.wav,4,3,shikra1,34.0846875
897,288090.wav,2,3,shikra1,42.525625
898,215626.wav,5,3,shikra1,6.8701875
899,206429.wav,5,3,shikra1,7.993
900,203333.wav,4,3,shikra1,3.888
901,201572.wav,4,3,shikra1,18.8081875
902,190894.wav,4,3,shikra1,5.511875
903,187597.wav,1,3,shikra1,5.1471875
904,185040.wav,3,3,shikra1,68.3101875
905,185039.wav,2,3,shikra1,10.579625
906,185038.wav,1,3,shikra1,35.4743125
907,185037.wav,1,3,shikra1,18.6775625
908,184129.wav,2,3,shikra1,13.819875
909,184128.wav,2,3,shikra1,12.8
910,171307.wav,2,3,shikra1,15.93475
911,141625.wav,4,3,shikra1,67.99675
912,133781.wav,5,3,shikra1,20.3755
913,127320.wav,1,3,shikra1,3.1869375
914,116901.wav,3,3,shikra1,7.3665625
915,74449.wav,3,3-8,shikra1,35.3175625
916,681358.wav,2,3,shikra1,2.944125
917,584266.wav,1,3,shikra1,113.6606875
918,575201.wav,2,3,shikra1,43.6778125
919,575200.wav,2,3,shikra1,28.3700625
920,575199.wav,3,3,shikra1,76.8533125
921,575197.wav,5,3,shikra1,51.9325
922,546636.wav,3,3,shikra1,5.232
923,454372.wav,4,3,shikra1,21.913
924,402113.wav,2,3,shikra1,4.4759375
925,397784.wav,1,3,shikra1,7.1325
926,396740.wav,2,3,shikra1,4.5191875
927,369016.wav,2,3,shikra1,10.5535
928,310822.wav,4,3,shikra1,11.389375
929,304986.wav,3,3,shikra1,24.941625
930,268742.wav,5,3,shikra1,92.31675
931,207634.wav,2,3,shikra1,8.747375
932,603940.wav,2,3,shikra1,52.744125
933,575195.wav,4,3,shikra1,6.7145625
934,302461.wav,3,3,shikra1,33.09825
935,301277.wav,5,3,shikra1,63.0868125
936,209200.wav,2,3,shikra1,10.031
937,575198.wav,3,3,shikra1,29.3104375
938,196562.wav,2,3,shikra1,18.432
939,418793.wav,3,4,levspa1,2.8733125
940,143001.wav,4,4,levspa1,16.4165
941,143000.wav,1,4,levspa1,49.9809375
942,700706.wav,3,5,norgos,72.269
943,694012.wav,5,5,norgos,15.0
944,685091.wav,3,5,norgos,38.20925
945,672776.wav,4,5,norgos,11.337125
946,672139.wav,3,5,norgos,6.0638125
947,672028.wav,5,5,norgos,4.8655
948,667092.wav,2,5,norgos,50.472
949,665202.wav,5,5,norgos,5.5588125
950,646584.wav,5,5,norgos,21.576875
951,640969.wav,3,5,norgos,10.489625
952,640968.wav,5,5,norgos,12.469125
953,637847.wav,4,5,norgos,13.4908125
954,635614.wav,5,5,norgos,6.8890625
955,631753.wav,5,5,norgos,11.88
956,631750.wav,1,5,norgos,12.924
957,631746.wav,5,5,norgos,66.744
958,631732.wav,1,5,norgos,7.416
959,627177.wav,5,5,norgos,35.064
960,627175.wav,5,5,norgos,27.324
961,627173.wav,3,5,norgos,51.336
962,627170.wav,5,5,norgos,63.864
963,626578.wav,4,5,norgos,913.6803125
964,626574.wav,4,5,norgos,939.9294375
965,626573.wav,3,5,norgos,253.542875
966,626570.wav,2,5,norgos,33.1915
967,626563.wav,1,5,norgos,34.25625
968,626552.wav,4,5,norgos,84.2315
969,626551.wav,5,5,norgos,68.72425
970,626549.wav,1,5,norgos,41.9855
971,626425.wav,4,5,norgos,179.28
972,626417.wav,1,5,norgos,85.608
973,626367.wav,1,5,norgos,116.136
974,626360.wav,5,5,norgos,19.296
975,626354.wav,2,5,norgos,20.196
976,626018.wav,5,5,norgos,114.6253125
977,626012.wav,5,5,norgos,13.428
978,624073.wav,4,5,norgos,33.408
979,624068.wav,4,5,norgos,142.956
980,619737.wav,2,5,norgos,96.975
981,619736.wav,1,5,norgos,59.990125
982,619727.wav,1,5,norgos,16.607125
983,613938.wav,4,5,norgos,55.3073125
984,610200.wav,3,5,norgos,7.8610625
985,610199.wav,3,5,norgos,5.1859375
986,591249.wav,4,5,norgos,81.7763125
987,591248.wav,2,5,norgos,52.5605625
988,591247.wav,4,5,norgos,13.505375
989,591244.wav,4,5,norgos,130.2340625
990,591243.wav,4,5,norgos,2.983375
991,591242.wav,3,5,norgos,10.097625
992,591241.wav,4,5,norgos,100.138125
993,591240.wav,2,5,norgos,57.65075
994,591239.wav,2,5,norgos,169.4895625
995,591237.wav,4,5,norgos,42.028625
996,591235.wav,5,5,norgos,18.30425
997,591228.wav,4,5,norgos,12.528
998,591204.wav,3,5,norgos,122.781875
999,591203.wav,3,5,norgos,13.61075
1000,591202.wav,2,5,norgos,10.70375
1001,591201.wav,1,5,norgos,14.078375
1002,591200.wav,4,5,norgos,6.5294375
1003,578075.wav,2,5,norgos,54.464125
1004,578071.wav,4,5,norgos,42.0754375
1005,574582.wav,2,5,norgos,8.03625
1006,574317.wav,5,5,norgos,10.228375
1007,574315.wav,1,5,norgos,57.501625
1008,574314.wav,2,5,norgos,55.6783125
1009,568177.wav,5,5,norgos,43.2491875
1010,564884.wav,2,5,norgos,8.8859375
1011,557979.wav,5,5,norgos,47.325625
1012,551452.wav,4,5,norgos,95.0335
1013,546385.wav,5,5,norgos,35.0200625
1014,546384.wav,4,5,norgos,15.046
1015,538257.wav,2,5,norgos,9.6130625
1016,533684.wav,2,5,norgos,7.1865625
1017,520286.wav,3,5,norgos,25.331625
1018,519963.wav,1,5,norgos,53.0285625
1019,512740.wav,3,5,norgos,53.238625
1020,512423.wav,4,5,norgos,8.424
1021,486807.wav,1,5,norgos,54.880125
1022,484612.wav,1,5,norgos,44.4475625
1023,484611.wav,5,5,norgos,8.033625
1024,484600.wav,5,5,norgos,77.739
1025,481062.wav,5,5,norgos,6.2051875
1026,465232.wav,5,5,norgos,12.816
1027,448699.wav,1,5,norgos,57.912
1028,440323.wav,1,5,norgos,23.6408125
1029,440310.wav,2,5,norgos,104.6204375
1030,439075.wav,1,5,norgos,10.759375
1031,439068.wav,1,5,norgos,157.810125
1032,438943.wav,4,5,norgos,73.5079375
1033,438940.wav,3,5,norgos,68.087625
1034,429760.wav,1,5,norgos,92.2713125
1035,429219.wav,3,5,norgos,32.8968125
1036,428839.wav,4,5,norgos,243.8645
1037,428837.wav,4,5,norgos,120.60625
1038,428827.wav,2,5,norgos,20.409625
1039,428826.wav,5,5,norgos,23.5215625
1040,426227.wav,3,5,norgos,65.149375
1041,425921.wav,5,5,norgos,128.404125
1042,425920.wav,3,5,norgos,41.621625
1043,425919.wav,1,5,norgos,32.872
1044,425918.wav,2,5,norgos,38.580125
1045,425761.wav,2,5,norgos,5.6539375
1046,425760.wav,1,5,norgos,6.1641875
1047,425729.wav,3,5,norgos,15.177125
1048,425339.wav,1,5,norgos,45.3036875
1049,425329.wav,5,5,norgos,17.8866875
1050,424430.wav,1,5-1,norgos,203.508875
1051,424429.wav,4,5,norgos,186.45125
1052,424428.wav,4,5,norgos,29.4785
1053,424427.wav,4,5,norgos,26.630125
1054,424426.wav,3,5-1,norgos,154.4325
1055,421497.wav,3,5,norgos,39.4193125
1056,416502.wav,2,5,norgos,31.15025
1057,406838.wav,3,5,norgos,23.5363125
1058,406836.wav,5,5,norgos,46.3935
1059,406834.wav,3,5,norgos,103.1836875
1060,405653.wav,4,5,norgos,18.192
1061,405652.wav,5,5,norgos,58.368
1062,394963.wav,1,5,norgos,82.128
1063,388950.wav,4,5,norgos,26.6751875
1064,382022.wav,2,5,norgos,85.0700625
1065,379970.wav,5,5,norgos,107.6245
1066,377076.wav,2,5,norgos,2.9874375
1067,373099.wav,2,5,norgos,17.592
1068,347581.wav,3,5,norgos,88.2155
1069,347572.wav,1,5,norgos,476.029375
1070,331689.wav,4,5,norgos,171.7991875
1071,324213.wav,3,5,norgos,26.853875
1072,309597.wav,5,5,norgos,9.432
1073,309596.wav,3,5,norgos,9.648
1074,309594.wav,5,5,norgos,8.172
1075,309593.wav,5,5,norgos,3.924
1076,309591.wav,4,5,norgos,129.456
1077,308382.wav,4,5,norgos,38.916
1078,306887.wav,2,5,norgos,19.1943125
1079,291102.wav,4,5,norgos,324.1410625
1080,291080.wav,4,5,norgos,54.6909375
1081,282488.wav,5,5,norgos,7.2
1082,241374.wav,5,5,norgos,12.721625
1083,232498.wav,5,5,norgos,23.379625
1084,215067.wav,1,5,norgos,12.0373125
1085,199775.wav,4,5,norgos,62.1200625
1086,196982.wav,4,5,norgos,3.1869375
1087,193095.wav,3,5,norgos,26.6225625
1088,186183.wav,3,5,norgos,30.5335
1089,185619.wav,4,5,norgos,225.312
1090,183577.wav,3,5,norgos,8.2546875
1091,183559.wav,2,5,norgos,186.048
1092,183558.wav,1,5,norgos,91.056
1093,181505.wav,1,5,norgos,24.048
1094,165760.wav,1,5,norgos,15.778
1095,143032.wav,2,5,norgos,47.9553125
1096,129861.wav,2,5,norgos,16.3004375
1097,126082.wav,5,5,norgos,41.0645
1098,121312.wav,2,5,norgos,15.62125
1099,111991.wav,1,5,norgos,7.1053125
1100,107271.wav,5,5,norgos,44.591
1101,102849.wav,2,5,norgos,11.04
1102,102848.wav,4,5,norgos,71.232
1103,102847.wav,1,5,norgos,178.416
1104,84019.wav,3,5,norgos,156.133875
1105,72937.wav,4,5,norgos,26.5404375
1106,72816.wav,5,5,norgos,12.469375
1107,59174.wav,4,5,norgos,64.15675
1108,49347.wav,1,5,norgos,90.024
1109,49346.wav,2,5,norgos,21.888
1110,49345.wav,2,5,norgos,145.344
1111,31651.wav,4,5,norgos,12.773875
1112,28005.wav,3,5,norgos,17.789375
1113,27025.wav,4,5,norgos,7.62775
1114,27024.wav,3,5,norgos,5.302875
1115,695135.wav,1,5,norgos,7.019625
1116,694015.wav,3,5,norgos,9.920375
1117,694014.wav,2,5,norgos,10.0
1118,694013.wav,2,5,norgos,15.0
1119,693275.wav,2,5,norgos,5.9706875
1120,688961.wav,5,5,norgos,5.937125
1121,688612.wav,5,5,norgos,30.8635
1122,688072.wav,4,5,norgos,26.011
1123,688071.wav,2,5,norgos,36.97
1124,683984.wav,5,5,norgos,8.5159375
1125,679684.wav,1,5,norgos,25.865625
1126,679683.wav,2,5,norgos,7.668125
1127,679682.wav,5,5,norgos,11.77975
1128,679681.wav,5,5,norgos,9.74375
1129,679671.wav,3,5,norgos,10.0
1130,679670.wav,5,5,norgos,13.0
1131,679669.wav,3,5,norgos,12.0
1132,679668.wav,3,5,norgos,12.0
1133,679667.wav,1,5,norgos,12.0
1134,679666.wav,3,5,norgos,16.9733125
1135,679664.wav,2,5,norgos,10.792
1136,679663.wav,2,5,norgos,10.9728125
1137,679661.wav,3,5,norgos,15.0
1138,679657.wav,5,5,norgos,8.9814375
1139,679656.wav,4,5,norgos,14.6468125
1140,679653.wav,2,5,norgos,10.0
1141,678493.wav,3,5,norgos,11.0
1142,678492.wav,3,5,norgos,9.958625
1143,678491.wav,5,5,norgos,11.0
1144,678490.wav,4,5,norgos,11.0
1145,678489.wav,3,5,norgos,11.0
1146,678488.wav,5,5,norgos,11.0
1147,678487.wav,1,5,norgos,11.0
1148,678486.wav,5,5,norgos,14.0
1149,678485.wav,5,5,norgos,12.0
1150,678484.wav,3,5,norgos,17.0
1151,678222.wav,2,5,norgos,9.7351875
1152,678220.wav,2,5,norgos,8.285
1153,678219.wav,5,5,norgos,9.0
1154,678218.wav,3,5,norgos,12.0
1155,678217.wav,2,5,norgos,7.9651875
1156,678216.wav,3,5,norgos,12.0
1157,678215.wav,4,5,norgos,9.9575
1158,678213.wav,4,5,norgos,11.9763125
1159,678212.wav,4,5,norgos,10.6704375
1160,678211.wav,4,5,norgos,12.0
1161,678103.wav,3,5,norgos,12.0
1162,678102.wav,4,5,norgos,10.0
1163,678101.wav,4,5,norgos,13.0
1164,678100.wav,5,5,norgos,10.009
1165,678099.wav,2,5,norgos,10.0
1166,678098.wav,2,5,norgos,11.0
1167,678097.wav,2,5,norgos,5.2745625
1168,678096.wav,4,5,norgos,11.0
1169,678095.wav,3,5,norgos,10.0
1170,678094.wav,5,5,norgos,10.0
1171,678093.wav,2,5,norgos,9.4843125
1172,678091.wav,5,5,norgos,11.0
1173,678089.wav,3,5,norgos,10.0
1174,677896.wav,1,5,norgos,9.0
1175,677895.wav,5,5,norgos,9.8196875
1176,677894.wav,2,5,norgos,9.0
1177,677893.wav,2,5,norgos,10.0
1178,677892.wav,3,5,norgos,7.784
1179,677891.wav,4,5,norgos,12.0
1180,677890.wav,2,5,norgos,11.0
1181,677889.wav,1,5,norgos,11.0
1182,677888.wav,3,5,norgos,9.0
1183,677887.wav,2,5,norgos,9.0
1184,677886.wav,5,5,norgos,18.0
1185,677885.wav,3,5,norgos,88.4260625
1186,677884.wav,4,5,norgos,11.0
1187,677882.wav,5,5,norgos,12.0
1188,677881.wav,1,5,norgos,13.0
1189,676849.wav,4,5,norgos,14.930375
1190,676845.wav,3,5,norgos,13.77875
1191,676843.wav,3,5,norgos,10.68575
1192,672777.wav,3,5,norgos,2.5541875
1193,667819.wav,1,5,norgos,37.68775
1194,654035.wav,1,5,norgos,22.824
1195,654034.wav,5,5,norgos,4.056
1196,650705.wav,1,5,norgos,23.7744375
1197,642295.wav,3,5,norgos,12.0956875
1198,642294.wav,5,5,norgos,20.408125
1199,642293.wav,3,5,norgos,10.0891875
1200,642290.wav,2,5,norgos,10.0891875
1201,637912.wav,5,5,norgos,33.0884375
1202,637803.wav,5,5,norgos,39.0298125
1203,634624.wav,5,5,norgos,8.7930625
1204,634623.wav,4,5,norgos,7.9375625
1205,633125.wav,2,5,norgos,88.015125
1206,633124.wav,4,5,norgos,34.464
1207,632421.wav,2,5,norgos,17.75
1208,632192.wav,2,5,norgos,53.4465625
1209,632190.wav,1,5,norgos,26.0963125
1210,629031.wav,3,5,norgos,93.057125
1211,629030.wav,3,5,norgos,5.603
1212,628989.wav,4,5,norgos,19.68
1213,628148.wav,1,5,norgos,39.37
1214,627762.wav,1,5,norgos,5.4179375
1215,627737.wav,2,5,norgos,12.3994375
1216,627735.wav,1,5,norgos,12.58525
1217,627734.wav,4,5,norgos,18.3205625
1218,627732.wav,4,5,norgos,8.0921875
1219,627730.wav,3,5,norgos,14.59375
1220,627265.wav,5,5,norgos,20.034125
1221,627262.wav,3,5,norgos,20.9705
1222,627256.wav,5,5,norgos,47.9425625
1223,626569.wav,3,5,norgos,505.715625
1224,626568.wav,5,5,norgos,42.5658125
1225,626566.wav,5,5,norgos,4.111375
1226,626564.wav,4,5,norgos,15.4848125
1227,626562.wav,3,5,norgos,43.8463125
1228,626561.wav,2,5,norgos,22.064375
1229,626560.wav,1,5,norgos,128.618125
1230,626559.wav,1,5,norgos,19.5026875
1231,626557.wav,2,5,norgos,14.9986875
1232,626555.wav,1,5,norgos,12.632125
1233,626554.wav,5,5,norgos,42.58125
1234,626553.wav,3,5,norgos,44.3208125
1235,626547.wav,3,5,norgos,41.83375
1236,626546.wav,1,5,norgos,8.3073125
1237,626545.wav,5,5,norgos,6.7715
1238,626544.wav,2,5,norgos,7.3798125
1239,626543.wav,3,5,norgos,9.42175
1240,622830.wav,5,5,norgos,27.3018125
1241,622630.wav,1,5,norgos,13.8919375
1242,622628.wav,2,5,norgos,68.1621875
1243,619805.wav,1,5,norgos,42.9538125
1244,619738.wav,1,5,norgos,30.3509375
1245,619735.wav,3,5,norgos,10.9433125
1246,619734.wav,4,5,norgos,14.9080625
1247,619733.wav,1,5,norgos,12.93975
1248,619731.wav,4,5,norgos,44.2020625
1249,619728.wav,1,5,norgos,23.2055625
1250,618956.wav,5,5,norgos,38.0
1251,618885.wav,1,5,norgos,17.04
1252,618884.wav,1,5,norgos,4.032
1253,618883.wav,3,5,norgos,46.032
1254,618882.wav,4,5,norgos,19.536
1255,617102.wav,2,5,norgos,9.0
1256,607350.wav,3,5,norgos,14.976
1257,606127.wav,3,5,norgos,23.8829375
1258,601769.wav,2,5,norgos,14.001625
1259,600687.wav,1,5,norgos,13.284125
1260,593880.wav,4,5,norgos,14.747875
1261,593879.wav,1,5,norgos,12.7088125
1262,593878.wav,5,5,norgos,13.1195
1263,593877.wav,2,5,norgos,13.3775625
1264,593876.wav,4,5,norgos,12.634375
1265,593875.wav,3,5,norgos,14.904
1266,593874.wav,4,5,norgos,12.067875
1267,593873.wav,5,5,norgos,13.7561875
1268,593872.wav,4,5,norgos,11.568625
1269,590352.wav,3,5,norgos,4.7516875
1270,589351.wav,4,5,norgos,1382.697
1271,586893.wav,3,5,norgos,130.4555
1272,586891.wav,4,5,norgos,12.8263125
1273,585784.wav,2,5,norgos,9.9723125
1274,585783.wav,3,5,norgos,14.82875
1275,585781.wav,2,5,norgos,14.406
1276,585780.wav,3,5,norgos,20.517625
1277,585779.wav,4,5,norgos,21.10325
1278,585778.wav,5,5,norgos,67.6248125
1279,585600.wav,2,5,norgos,89.720625
1280,585599.wav,2,5,norgos,19.12025
1281,585598.wav,3,5,norgos,19.234625
1282,585596.wav,5,5,norgos,16.9160625
1283,585595.wav,4,5,norgos,30.0579375
1284,585594.wav,1,5,norgos,28.976625
1285,585593.wav,1,5,norgos,15.9479375
1286,583652.wav,3,5,norgos,12.0305625
1287,578092.wav,1,5,norgos,72.6888125
1288,578090.wav,1,5,norgos,42.6960625
1289,574316.wav,5,5,norgos,38.2196875
1290,572464.wav,3,5,norgos,29.28325
1291,568225.wav,5,5,norgos,10.271375
1292,568224.wav,4,5,norgos,5.017375
1293,568223.wav,5,5,norgos,3.99375
1294,568222.wav,2,5,norgos,3.0951875
1295,568220.wav,4,5,norgos,5.628125
1296,568219.wav,5,5,norgos,12.5259375
1297,568218.wav,4,5,norgos,3.1325
1298,568217.wav,4,5,norgos,22.8368125
1299,567216.wav,1,5,norgos,16.908625
1300,558923.wav,3,5,norgos,89.7428125
1301,558920.wav,3,5,norgos,21.05825
1302,558917.wav,5,5,norgos,11.8933125
1303,558914.wav,1,5,norgos,20.5821875
1304,558912.wav,2,5,norgos,16.9921875
1305,558910.wav,3,5,norgos,12.261625
1306,558908.wav,2,5,norgos,15.646875
1307,558904.wav,5,5,norgos,10.3825
1308,558903.wav,5,5,norgos,16.568125
1309,558901.wav,1,5,norgos,10.2299375
1310,558900.wav,4,5,norgos,9.01525
1311,558899.wav,3,5,norgos,10.963
1312,558898.wav,5,5,norgos,13.4600625
1313,552544.wav,5,5,norgos,101.575375
1314,551998.wav,1,5,norgos,116.74125
1315,546019.wav,3,5,norgos,13.7544375
1316,545862.wav,2,5,norgos,29.392625
1317,544506.wav,4,5,norgos,12.0385625
1318,544505.wav,1,5,norgos,14.212625
1319,544502.wav,4,5,norgos,32.8674375
1320,543711.wav,3,5,norgos,31.7479375
1321,543706.wav,3,5,norgos,138.7285
1322,543700.wav,5,5,norgos,456.693375
1323,543650.wav,5,5,norgos,97.3731875
1324,538283.wav,4,5,norgos,6.85825
1325,537407.wav,1,5,norgos,11.3081875
1326,527788.wav,2,5,norgos,6.791375
1327,527786.wav,1,5,norgos,7.03075
1328,527376.wav,4,5,norgos,8.3635625
1329,527375.wav,3,5,norgos,7.6045625
1330,524376.wav,2,5,norgos,19.382875
1331,512422.wav,2,5,norgos,26.64
1332,509242.wav,5,5,norgos,15.083125
1333,492108.wav,2,5,norgos,116.1665625
1334,487432.wav,2,5,norgos,22.961625
1335,483425.wav,1,5,norgos,11.1020625
1336,483424.wav,3,5,norgos,8.5159375
1337,483405.wav,3,5,norgos,9.070875
1338,481061.wav,5,5,norgos,6.745375
1339,481059.wav,3,5,norgos,5.5991875
1340,481058.wav,2,5,norgos,23.50025
1341,478624.wav,4,5,norgos,36.1525625
1342,475347.wav,2,5,norgos,40.019625
1343,466571.wav,3,5,norgos,1035.7941875
1344,466012.wav,1,5,norgos,60.469625
1345,465714.wav,2,5,norgos,145.632
1346,465620.wav,2,5,norgos,113.1063125
1347,460487.wav,5,5,norgos,10.727625
1348,459246.wav,5,5,norgos,88.7640625
1349,456980.wav,3,5,norgos,90.7755
1350,456873.wav,5,5,norgos,70.498125
1351,456871.wav,3,5,norgos,90.7084375
1352,455137.wav,5,5,norgos,11.330125
1353,452578.wav,4,5,norgos,29.8103125
1354,445274.wav,5,5,norgos,3.386625
1355,442631.wav,5,5,norgos,11.8465
1356,442629.wav,4,5,norgos,13.85925
1357,434001.wav,1,5,norgos,64.32
1358,429212.wav,1,5,norgos,36.9854375
1359,428983.wav,1,5,norgos,373.9425
1360,428836.wav,3,5,norgos,6.008625
1361,428835.wav,2,5,norgos,48.0564375
1362,428834.wav,2,5,norgos,22.1194375
1363,428833.wav,5,5,norgos,5.98575
1364,428832.wav,4,5,norgos,23.6535
1365,428831.wav,1,5,norgos,132.2605625
1366,428830.wav,1,5,norgos,11.0275
1367,428829.wav,1,5,norgos,7.66975
1368,428828.wav,4,5,norgos,10.629625
1369,426225.wav,5,5,norgos,533.4896875
1370,426223.wav,3,5,norgos,22.151875
1371,426222.wav,2,5,norgos,14.6546875
1372,426221.wav,1,5,norgos,100.231875
1373,426219.wav,2,5,norgos,23.5215625
1374,426101.wav,5,5,norgos,35.484625
1375,425939.wav,4,5,norgos,329.6105625
1376,425938.wav,5,5,norgos,274.017625
1377,425937.wav,1,5,norgos,149.3316875
1378,425936.wav,5,5,norgos,895.6008125
1379,425930.wav,4,5,norgos,97.945625
1380,425929.wav,2,5,norgos,97.945625
1381,425923.wav,3,5,norgos,29.44
1382,425922.wav,4,5,norgos,25.69475
1383,425763.wav,1,5,norgos,259.644125
1384,425335.wav,3,5,norgos,13.0263125
1385,425130.wav,2,5,norgos,59.6114375
1386,423699.wav,2,5,norgos,6.7338125
1387,423698.wav,3,5,norgos,4.7196875
1388,420090.wav,2,5,norgos,110.2185
1389,418824.wav,5,5,norgos,126.48625
1390,412768.wav,1,5,norgos,22.472
1391,410554.wav,5,5,norgos,13.9755
1392,395418.wav,5,5,norgos,28.8101875
1393,387940.wav,1,5,norgos,33.8035
1394,387406.wav,1,5,norgos,91.4024375
1395,386323.wav,4,5,norgos,6.906875
1396,383850.wav,4,5,norgos,17.2408125
1397,379708.wav,5,5,norgos,73.4040625
1398,378618.wav,4,5,norgos,3.9445
1399,378511.wav,2,5,norgos,15.699625
1400,377074.wav,2,5,norgos,3.153375
1401,377073.wav,1,5,norgos,3.5735625
1402,374669.wav,3,5,norgos,71.563125
1403,373919.wav,2,5,norgos,27.69375
1404,370973.wav,4,5,norgos,617.8481875
1405,369692.wav,4,5,norgos,42.0
1406,361645.wav,1,5,norgos,8.362
1407,358782.wav,2,5,norgos,58.8
1408,358781.wav,4,5,norgos,33.264
1409,358611.wav,1,5,norgos,12.552
1410,356762.wav,2,5,norgos,326.136
1411,347584.wav,2,5,norgos,121.521625
1412,347582.wav,4,5,norgos,189.727375
1413,347580.wav,2,5,norgos,133.6685625
1414,347579.wav,5,5,norgos,391.3404375
1415,347578.wav,2,5,norgos,207.333875
1416,347577.wav,2,5,norgos,166.687375
1417,347576.wav,3,5,norgos,70.8701875
1418,347575.wav,1,5,norgos,106.7101875
1419,347574.wav,2,5,norgos,162.1159375
1420,347573.wav,1,5,norgos,52.558375
1421,328061.wav,2,5,norgos,7.386875
1422,327242.wav,3,5,norgos,8.933875
1423,320191.wav,1,5,norgos,20.689
1424,319149.wav,3,5,norgos,9.837625
1425,308687.wav,3,5,norgos,16.1436875
1426,308130.wav,2,5,norgos,49.873
1427,307805.wav,2,5,norgos,6.383625
1428,306147.wav,1,5,norgos,86.3869375
1429,306145.wav,2,5,norgos,10.370625
1430,305744.wav,4,5,norgos,12.552
1431,305086.wav,1,5,norgos,5.472
1432,302363.wav,5,5,norgos,39.12
1433,287484.wav,4,5,norgos,13.7665625
1434,287482.wav,4,5,norgos,89.887375
1435,236549.wav,4,5,norgos,6.299125
1436,236548.wav,5,5,norgos,6.0070625
1437,215431.wav,4,5,norgos,52.3086875
1438,199777.wav,5,5,norgos,155.027
1439,198491.wav,3,5,norgos,35.2130625
1440,184782.wav,4,5,norgos,7.3404375
1441,181823.wav,2,5,norgos,48.528
1442,181140.wav,4,5,norgos,5.952
1443,146173.wav,2,5,norgos,28.752
1444,130257.wav,1,5,norgos,48.87375
1445,126644.wav,1,5,norgos,15.51675
1446,126643.wav,2,5,norgos,21.2636875
1447,124806.wav,3,5,norgos,3.96
1448,124805.wav,3,5,norgos,5.4
1449,109711.wav,1,5,norgos,11.57225
1450,109503.wav,2,5,norgos,10.031
1451,107609.wav,5,5,norgos,100.231875
1452,95713.wav,2,5,norgos,10.449
1453,73002.wav,3,5,norgos,5.751375
1454,28394.wav,3,5,norgos,13.9755
1455,694016.wav,5,5,norgos,117.0
1456,677879.wav,5,5,norgos,12.0
1457,677878.wav,3,5,norgos,9.254375
1458,677877.wav,1,5,norgos,12.0
1459,676524.wav,3,5,norgos,16.152
1460,665829.wav,4,5,norgos,30.788375
1461,642298.wav,2,5,norgos,41.6480625
1462,637370.wav,2,5,norgos,4.5770625
1463,633101.wav,4,5,norgos,61.1265625
1464,626584.wav,2,5,norgos,17.2334375
1465,626583.wav,4,5,norgos,784.64575
1466,626582.wav,1,5,norgos,9.932125
1467,625100.wav,2,5,norgos,4.8556875
1468,624984.wav,5,5,norgos,7.5583125
1469,624902.wav,3,5,norgos,144.6100625
1470,624900.wav,5,5,norgos,58.60425
1471,615447.wav,4,5,norgos,14.44575
1472,615446.wav,3,5,norgos,158.1453125
1473,602467.wav,1,5,norgos,32.0
1474,599157.wav,1,5,norgos,13.38975
1475,590834.wav,4,5,norgos,1.7960625
1476,585782.wav,2,5,norgos,12.695375
1477,579731.wav,2,5,norgos,15.54725
1478,578085.wav,3,5,norgos,292.2010625
1479,545490.wav,3,5,norgos,7.158375
1480,541680.wav,2,5,norgos,4.821375
1481,538245.wav,3,5,norgos,1.834375
1482,534075.wav,2,5,norgos,7.552625
1483,491083.wav,1,5,norgos,12.5126875
1484,487776.wav,5,5,norgos,13.413125
1485,480649.wav,5,5,norgos,61.887
1486,439858.wav,1,5,norgos,9.9643125
1487,431184.wav,3,5,norgos,5.761
1488,431183.wav,5,5,norgos,13.033
1489,426226.wav,4,5,norgos,39.2359375
1490,421170.wav,4,5,norgos,83.780625
1491,418822.wav,4,5,norgos,81.339625
1492,418044.wav,3,5,norgos,216.416375
1493,418043.wav,1,5,norgos,43.260375
1494,418040.wav,2,5,norgos,76.688125
1495,418039.wav,3,5,norgos,34.0939375
1496,404014.wav,3,5,norgos,3.4365625
1497,401498.wav,3,5,norgos,17.2283125
1498,401109.wav,5,5,norgos,12.1258125
1499,400472.wav,5,5,norgos,125.86375
1500,398735.wav,3,5,norgos,7.50475
1501,396773.wav,2,5,norgos,7.15975
1502,396292.wav,4,5,norgos,9.68725
1503,395460.wav,3,5,norgos,89.651125
1504,386317.wav,4,5,norgos,23.8905
1505,386310.wav,4,5,norgos,7.2405625
1506,383851.wav,5,5,norgos,7.3404375
1507,382024.wav,5,5,norgos,201.2859375
1508,382023.wav,4,5,norgos,51.707
1509,378250.wav,1,5,norgos,8.0461875
1510,369693.wav,4,5,norgos,64.176
1511,361877.wav,1,5,norgos,7.9468125
1512,358163.wav,4,5,norgos,23.170625
1513,357743.wav,5,5,norgos,7.5755
1514,356676.wav,2,5,norgos,8.0525625
1515,356137.wav,5,5,norgos,1.288625
1516,348131.wav,3,5,norgos,30.7664375
1517,347583.wav,5,5,norgos,156.8914375
1518,342966.wav,1,5,norgos,21.4465625
1519,341720.wav,3,5,norgos,18.129125
1520,341719.wav,5,5,norgos,5.90125
1521,341718.wav,2,5,norgos,21.2121875
1522,337878.wav,3,5,norgos,4.0298125
1523,330757.wav,5,5,norgos,10.8408125
1524,327243.wav,4,5,norgos,7.94125
1525,320252.wav,5,5,norgos,6.8655625
1526,320251.wav,5,5,norgos,9.3344375
1527,320250.wav,5,5,norgos,14.3385
1528,320249.wav,5,5,norgos,8.328875
1529,320247.wav,5,5,norgos,6.743125
1530,320246.wav,5,5,norgos,7.751125
1531,320245.wav,5,5,norgos,10.7740625
1532,320243.wav,2,5,norgos,5.615625
1533,282714.wav,3,5,norgos,12.745
1534,277460.wav,2,5,norgos,46.969
1535,253413.wav,5,5,norgos,3.6545
1536,252513.wav,3,5,norgos,14.64075
1537,217623.wav,1,5,norgos,9.2735
1538,217618.wav,4,5,norgos,135.3926875
1539,215570.wav,5,5,norgos,3.3030625
1540,193730.wav,1,5,norgos,59.586375
1541,188988.wav,5,5,norgos,42.865
1542,167479.wav,4,5,norgos,10.512
1543,126640.wav,2,5,norgos,31.5559375
1544,106810.wav,5,5,norgos,3.813875
1545,105802.wav,2,5,norgos,38.616
1546,98943.wav,5,5,norgos,9.351875
1547,61504.wav,4,5,norgos,40.7249375
1548,29692.wav,2,5,norgos,52.0359375
1549,688073.wav,3,5,norgos,18.977
1550,688070.wav,4,5,norgos,14.008
1551,653014.wav,3,5,norgos,118.166375
1552,650982.wav,5,5,norgos,53.873125
1553,650971.wav,3,5,norgos,165.0231875
1554,636334.wav,4,5,norgos,123.2028125
1555,631168.wav,3,5,norgos,31.1591875
1556,629027.wav,2,5,norgos,1.8225
1557,627260.wav,3,5,norgos,16.6365625
1558,627258.wav,1,5,norgos,6.6218125
1559,623479.wav,5,5,norgos,24.072
1560,623478.wav,4,5,norgos,64.344
1561,620512.wav,1,5,norgos,2.4869375
1562,603508.wav,5,5,norgos,225.0
1563,599492.wav,1,5,norgos,8.923375
1564,599491.wav,4,5,norgos,7.337
1565,580328.wav,3,5,norgos,42.341125
1566,578067.wav,1,5,norgos,294.4911875
1567,531156.wav,2,5,norgos,2.586125
1568,411673.wav,5,5,norgos,60.87875
1569,277578.wav,4,5,norgos,220.585
1570,270158.wav,5,5,norgos,75.1020625
1571,256364.wav,4,5,norgos,18.649
1572,256181.wav,1,5,norgos,55.5624375
1573,152006.wav,5,5,norgos,8.52
1574,134628.wav,4,5,norgos,3.5004375
1575,629028.wav,5,5,norgos,2.2425625
1576,623477.wav,5,5,norgos,482.736
1577,620992.wav,3,5,norgos,28.234375
1578,396289.wav,2,5,norgos,23.7071875
1579,685295.wav,4,6,eurspa1,17.2755
1580,682692.wav,5,6,eurspa1,4.3785625
1581,666558.wav,3,6,eurspa1,7.664625
1582,666227.wav,2,6,eurspa1,60.1126875
1583,665236.wav,5,6,eurspa1,50.6194375
1584,604388.wav,2,6,eurspa1,15.8049375
1585,589475.wav,5,6,eurspa1,50.04
1586,589050.wav,2,6,eurspa1,38.8916875
1587,589049.wav,2,6,eurspa1,382.4151875
1588,589043.wav,1,6,eurspa1,15.7165
1589,589041.wav,5,6,eurspa1,113.6119375
1590,582740.wav,2,6,eurspa1,137.034625
1591,580319.wav,1,6,eurspa1,27.6439375
1592,580318.wav,2,6,eurspa1,12.1285625
1593,580209.wav,5,6,eurspa1,20.2454375
1594,578878.wav,2,6,eurspa1,80.5926875
1595,578847.wav,1,6,eurspa1,60.10375
1596,572979.wav,3,6,eurspa1,8.1240625
1597,560542.wav,1,6,eurspa1,148.9854375
1598,520042.wav,5,6,eurspa1,6.0
1599,502820.wav,3,6,eurspa1,210.6253125
1600,494728.wav,2,6,eurspa1,122.0324375
1601,472538.wav,3,6,eurspa1,11.1281875
1602,424864.wav,5,6,eurspa1,35.606
1603,424863.wav,3,6,eurspa1,8.2035
1604,420205.wav,5,6,eurspa1,35.592
1605,394618.wav,5,6,eurspa1,49.0624375
1606,388837.wav,5,6,eurspa1,132.1486875
1607,381225.wav,2,6,eurspa1,51.697375
1608,362158.wav,5,6,eurspa1,3.53475
1609,309270.wav,5,6,eurspa1,12.9375
1610,309239.wav,3,6,eurspa1,10.4203125
1611,282604.wav,5,6,eurspa1,2.6886875
1612,281002.wav,3,6,eurspa1,76.4604375
1613,281001.wav,3,6,eurspa1,61.257125
1614,197389.wav,4,6,eurspa1,58.5926875
1615,197388.wav,4,6,eurspa1,29.1788125
1616,188561.wav,3,6,eurspa1,128.7836875
1617,143459.wav,4,6,eurspa1,11.4
1618,143335.wav,3,6,eurspa1,11.112
1619,143334.wav,3,6-6,eurspa1,51.024
1620,120729.wav,1,6,eurspa1,23.784
1621,107284.wav,1,6,eurspa1,96.4440625
1622,107283.wav,4,6,eurspa1,85.0024375
1623,105815.wav,2,6,eurspa1,14.8114375
1624,95574.wav,4,6,eurspa1,108.5649375
1625,95573.wav,5,6,eurspa1,173.035125
1626,37534.wav,3,6,eurspa1,33.0449375
1627,682693.wav,3,6,eurspa1,45.480625
1628,676982.wav,1,6,eurspa1,8.544
1629,672705.wav,4,6,eurspa1,10.4248125
1630,670727.wav,4,6,eurspa1,13.042125
1631,664065.wav,3,6,eurspa1,10.9999375
1632,638505.wav,3,6,eurspa1,23.37875
1633,638500.wav,5,6,eurspa1,147.767625
1634,589410.wav,4,6,eurspa1,5.1445
1635,589046.wav,5,6,eurspa1,43.116
1636,586821.wav,3,6,eurspa1,35.455625
1637,584037.wav,4,6,eurspa1,17.497875
1638,582633.wav,5,6,eurspa1,9.0645
1639,582579.wav,1,6,eurspa1,4.912125
1640,582251.wav,5,6,eurspa1,10.704
1641,582250.wav,1,6,eurspa1,7.44
1642,582095.wav,4,6,eurspa1,4.8
1643,580201.wav,5,6,eurspa1,4.1799375
1644,579724.wav,1,6,eurspa1,42.9220625
1645,579374.wav,4,6,eurspa1,30.8849375
1646,578879.wav,2,6,eurspa1,124.024125
1647,578608.wav,3,6,eurspa1,11.888625
1648,578607.wav,3,6,eurspa1,7.2285
1649,577926.wav,3,6,eurspa1,140.4988125
1650,567266.wav,5,6,eurspa1,8.2024375
1651,565768.wav,1,6,eurspa1,93.7614375
1652,536878.wav,1,6,eurspa1,5.833
1653,519905.wav,5,6,eurspa1,81.4236875
1654,502821.wav,5,6,eurspa1,73.8481875
1655,472539.wav,1,6,eurspa1,45.4791875
1656,463015.wav,3,6,eurspa1,4.306
1657,452585.wav,3,6,eurspa1,36.1130625
1658,430001.wav,1,6,eurspa1,7.5051875
1659,428264.wav,1,6,eurspa1,140.591
1660,418856.wav,4,6,eurspa1,13.4530625
1661,383705.wav,3,6,eurspa1,45.1295625
1662,381692.wav,4,6,eurspa1,14.59575
1663,378431.wav,2,6,eurspa1,38.290875
1664,369014.wav,3,6,eurspa1,10.24
1665,360834.wav,3,6,eurspa1,4.677
1666,330073.wav,5,6,eurspa1,18.994
1667,291663.wav,3,6,eurspa1,32.627875
1668,269583.wav,4,6,eurspa1,18.368
1669,263060.wav,1,6,eurspa1,7.0475
1670,255675.wav,3,6,eurspa1,24.8685625
1671,145736.wav,2,6,eurspa1,127.3469375
1672,142793.wav,4,6,eurspa1,70.537
1673,112187.wav,3,6,eurspa1,1.8808125
1674,111978.wav,2,6,eurspa1,34.776
1675,108435.wav,5,6,eurspa1,10.44
1676,107357.wav,2,6,eurspa1,24.672
1677,87380.wav,5,6,eurspa1,54.4391875
1678,83816.wav,3,6,eurspa1,7.896
1679,83812.wav,4,6,eurspa1,28.968
1680,83811.wav,2,6,eurspa1,15.912
1681,67418.wav,4,6,eurspa1,102.051125
1682,38044.wav,2,6,eurspa1,40.04575
1683,37250.wav,3,6,eurspa1,47.569
1684,37237.wav,4,6-6,eurspa1,35.0563125
1685,673891.wav,4,6,eurspa1,21.10475
1686,669374.wav,3,6,eurspa1,11.963875
1687,667304.wav,3,6,eurspa1,41.3315
1688,666613.wav,3,6,eurspa1,6.362
1689,660410.wav,2,6,eurspa1,38.7626875
1690,636787.wav,3,6,eurspa1,10.7044375
1691,628610.wav,5,6,eurspa1,1.53475
1692,621661.wav,2,6,eurspa1,30.0410625
1693,611757.wav,5,6,eurspa1,14.642125
1694,609786.wav,1,6,eurspa1,32.7053125
1695,583711.wav,3,6,eurspa1,74.5741875
1696,583076.wav,3,6,eurspa1,53.58
1697,581477.wav,3,6,eurspa1,71.9528125
1698,579379.wav,5,6,eurspa1,13.8545625
1699,579378.wav,3,6,eurspa1,52.3288125
1700,579377.wav,1,6,eurspa1,21.076875
1701,579376.wav,3,6,eurspa1,30.10775
1702,579375.wav,2,6,eurspa1,15.14025
1703,499979.wav,2,6,eurspa1,55.40375
1704,492379.wav,3,6,eurspa1,8.592
1705,490491.wav,1,6,eurspa1,270.006625
1706,490463.wav,3,6,eurspa1,21.528
1707,483248.wav,1,6,eurspa1,12.91825
1708,482657.wav,4,6,eurspa1,97.766375
1709,467097.wav,3,6,eurspa1,10.11675
1710,466478.wav,1,6,eurspa1,1.897
1711,447134.wav,5,6,eurspa1,4.656
1712,446331.wav,1,6,eurspa1,24.6936875
1713,445464.wav,3,6,eurspa1,25.104
1714,438942.wav,4,6,eurspa1,15.751875
1715,428281.wav,1,6,eurspa1,65.410625
1716,381222.wav,1,6,eurspa1,63.7554375
1717,380491.wav,4,6,eurspa1,71.3926875
1718,347476.wav,4,6,eurspa1,48.561625
1719,327494.wav,1,6,eurspa1,2.8484375
1720,327387.wav,3,6,eurspa1,39.7001875
1721,307285.wav,3,6,eurspa1,4.6241875
1722,252519.wav,5,6,eurspa1,29.7535
1723,236927.wav,4,6,eurspa1,2.7719375
1724,235321.wav,3,6,eurspa1,13.513
1725,234158.wav,1,6,eurspa1,71.2775
1726,206374.wav,1,6,eurspa1,35.0506875
1727,193061.wav,5,6,eurspa1,62.281
1728,191050.wav,4,6,eurspa1,16.7673125
1729,176556.wav,1,6,eurspa1,3.68325
1730,175851.wav,1,6,eurspa1,29.8359375
1731,147455.wav,5,6,eurspa1,11.736
1732,147454.wav,2,6,eurspa1,65.184
1733,132401.wav,1,6,eurspa1,120.001
1734,105417.wav,4,6,eurspa1,74.50125
1735,27400.wav,1,6,eurspa1,29.466125
1736,25941.wav,5,6-6,eurspa1,56.555125
1737,631751.wav,4,6,eurspa1,11.926
1738,580187.wav,5,6,eurspa1,10.87975
1739,578846.wav,3,6,eurspa1,54.806875
1740,511031.wav,2,6,eurspa1,21.024
1741,234562.wav,3,6,eurspa1,137.257
1742,198899.wav,2,6,eurspa1,18.611375
1743,152350.wav,3,6,eurspa1,6.512
1744,106805.wav,5,6,eurspa1,35.5526875
1745,67420.wav,4,6,eurspa1,31.0088125
1746,619171.wav,2,6,eurspa1,22.30075
1747,152349.wav,3,6,eurspa1,4.46125
1748,659227.wav,1,7,cremyn,45.2168125
1749,659224.wav,4,7,cremyn,59.352125
1750,659223.wav,1,7,cremyn,88.566625
1751,614159.wav,1,7,cremyn,44.0969375
1752,51562.wav,3,7,cremyn,41.11675
1753,51561.wav,3,7,cremyn,8.986125
1754,51560.wav,2,7,cremyn,12.5649375
1755,51419.wav,3,7,cremyn,42.057125
1756,659220.wav,4,7,cremyn,45.2783125
1757,613341.wav,2,7,cremyn,60.70825
1758,606573.wav,1,7,cremyn,32.7325
1759,599015.wav,3,7,cremyn,6.09025
1760,599014.wav,5,7,cremyn,17.481
1761,599013.wav,2,7,cremyn,7.9539375
1762,539427.wav,4,7,cremyn,21.5249375
1763,534222.wav,2,7,cremyn,27.24575
1764,429269.wav,1,7,cremyn,56.450625
1765,411757.wav,1,7,cremyn,19.1400625
1766,408693.wav,5,7,cremyn,16.997
1767,408692.wav,2,7,cremyn,3.599125
1768,408690.wav,1,7,cremyn,35.75875
1769,353437.wav,4,7,cremyn,11.0875625
1770,263141.wav,4,7,cremyn,18.048
1771,209668.wav,2,7,cremyn,8.592
1772,209667.wav,2,7,cremyn,51.72
1773,105511.wav,4,7,cremyn,22.909375
1774,79292.wav,3,7,cremyn,51.7224375
1775,56332.wav,5,7,cremyn,8.90775
1776,51564.wav,1,7,cremyn,10.057125
1777,51563.wav,3,7,cremyn,27.298
1778,661742.wav,5,7,cremyn,21.8490625
1779,540018.wav,4,7,cremyn,57.0
1780,537749.wav,4,7,cremyn,25.1820625
1781,361789.wav,4,7,cremyn,36.0748125
1782,353438.wav,4,7,cremyn,22.976125
1783,282866.wav,1,7,cremyn,9.0645
1784,282865.wav,2,7,cremyn,8.04575
1785,207503.wav,1,7,cremyn,25.0514375
1786,164826.wav,3,7,cremyn,74.064
1787,579298.wav,2,7,cremyn,6.0
1788,536950.wav,5,7,cremyn,11.1455625
1789,536548.wav,5,7,cremyn,19.4796875
1790,528940.wav,2,8,commyn,21.82675
1791,528936.wav,3,8,commyn,25.024
1792,528935.wav,5,8,commyn,11.008
1793,528933.wav,2,8,commyn,13.056
1794,528930.wav,1,8,commyn,12.288
1795,528929.wav,4,8,commyn,24.0
1796,528928.wav,3,8,commyn,23.424
1797,489173.wav,2,8,commyn,2.466
1798,448086.wav,4,8,commyn,36.064875
1799,684628.wav,3,8,commyn,24.111
1800,666384.wav,3,8,commyn,8.4189375
1801,661228.wav,3,8,commyn,248.71
1802,659214.wav,2,8,commyn,41.10575
1803,659211.wav,4,8,commyn,35.894875
1804,659210.wav,4,8,commyn,12.91475
1805,659209.wav,3,8,commyn,53.9405
1806,652903.wav,4,8,commyn,21.5249375
1807,652901.wav,1,8,commyn,21.5249375
1808,639485.wav,5,8,commyn,20.898
1809,614590.wav,1,8,commyn,25.488375
1810,612157.wav,4,8,commyn,32.6505
1811,607249.wav,4,8,commyn,342.5425625
1812,599867.wav,4,8,commyn,62.4785625
1813,596983.wav,1,8,commyn,118.843625
1814,596982.wav,2,8,commyn,39.1536875
1815,590515.wav,4,8,commyn,63.9624375
1816,585480.wav,2,8,commyn,2124.5710625
1817,583034.wav,3,8,commyn,100.9824375
1818,571185.wav,3,8,commyn,99.5744375
1819,571182.wav,2,8,commyn,12.6280625
1820,555308.wav,4,8,commyn,106.8893125
1821,551659.wav,5,8,commyn,11.687625
1822,548866.wav,2,8,commyn,4486.483125
1823,546947.wav,4,8,commyn,2156.1393125
1824,546848.wav,1,8,commyn,1086.6300625
1825,546566.wav,5,8,commyn,284.953
1826,544012.wav,4,8,commyn,135.1325
1827,533469.wav,3,8,commyn,20.9809375
1828,518553.wav,3,8,commyn,483.413
1829,518361.wav,3,8,commyn,422.094875
1830,511898.wav,1,8,commyn,69.3025
1831,509307.wav,1,8,commyn,34.824
1832,509296.wav,4,8,commyn,49.00575
1833,508591.wav,3,8,commyn,128.1493125
1834,506210.wav,4,8,commyn,64.5411875
1835,505883.wav,3,8,commyn,103.783125
1836,505882.wav,3,8,commyn,58.7880625
1837,503850.wav,2,8,commyn,75.213
1838,503281.wav,1,8,commyn,86.400625
1839,500615.wav,1,8,commyn,67.7626875
1840,472544.wav,2,8,commyn,95.059625
1841,464285.wav,3,8,commyn,7.5
1842,446210.wav,3,8,commyn,2.8793125
1843,445899.wav,2,8,commyn,35.0
1844,444488.wav,3,8,commyn,15.2909375
1845,442857.wav,4,8,commyn,5.161
1846,437110.wav,4,8,commyn,2.689
1847,426356.wav,5,8,commyn,27.6114375
1848,402381.wav,4,8,commyn,8.6465625
1849,402380.wav,2,8,commyn,1.489
1850,400123.wav,4,8,commyn,54.047375
1851,395089.wav,5,8,commyn,69.8694375
1852,379930.wav,1,8,commyn,3.048
1853,379536.wav,2,8,commyn,43.282
1854,369018.wav,1,8,commyn,33.7763125
1855,368954.wav,4,8,commyn,15.4
1856,364334.wav,4,8,commyn,87.118375
1857,362679.wav,5,8,commyn,42.0815625
1858,331569.wav,4,8,commyn,12.721625
1859,331552.wav,4,8,commyn,45.2615
1860,328236.wav,2,8,commyn,17.18275
1861,314470.wav,1,8,commyn,30.937
1862,311115.wav,4,8,commyn,24.9208125
1863,309110.wav,5,8,commyn,12.260125
1864,295122.wav,5,8,commyn,87.8321875
1865,294605.wav,1,8,commyn,30.98125
1866,294325.wav,5,8,commyn,55.7975625
1867,208162.wav,1,8,commyn,44.5935625
1868,194208.wav,3,8,commyn,30.696
1869,192299.wav,5,8,commyn,41.6391875
1870,187040.wav,5,8,commyn,9.01225
1871,187036.wav,5,8,commyn,4.0239375
1872,156759.wav,4,8,commyn,77.533375
1873,142966.wav,5,8,commyn,50.304
1874,129571.wav,1,8,commyn,30.6153125
1875,116708.wav,5,8,commyn,163.5526875
1876,114748.wav,3,8,commyn,24.502875
1877,110882.wav,3,8,commyn,11.57225
1878,110881.wav,4,8,commyn,27.062875
1879,110880.wav,2,8,commyn,10.579625
1880,110879.wav,1,8,commyn,80.822875
1881,110875.wav,5,8,commyn,4.7020625
1882,110874.wav,2,8,commyn,5.8514375
1883,110873.wav,1,8,commyn,7.601625
1884,102124.wav,3,8,commyn,76.608
1885,102123.wav,4,8,commyn,41.448
1886,102122.wav,2,8,commyn,108.84
1887,102121.wav,2,8,commyn,64.488
1888,94026.wav,5,8,commyn,41.378
1889,94025.wav,3,8,commyn,14.44575
1890,93634.wav,4,8,commyn,46.001625
1891,92771.wav,2,8,commyn,2.377125
1892,92770.wav,2,8,commyn,3.761625
1893,90664.wav,2,8,commyn,7.889
1894,90539.wav,3,8,commyn,12.644125
1895,73134.wav,5,8-3,commyn,41.247375
1896,73133.wav,2,8,commyn,53.1853125
1897,73131.wav,3,8,commyn,36.4930625
1898,44444.wav,2,8,commyn,20.63675
1899,20119.wav,1,8,commyn,44.5388125
1900,680909.wav,5,8,commyn,11.375
1901,679611.wav,5,8,commyn,24.297375
1902,669699.wav,5,8,commyn,30.2236875
1903,663070.wav,4,8,commyn,22.5959375
1904,663069.wav,4,8,commyn,33.7763125
1905,661253.wav,5,8,commyn,9.7715
1906,651854.wav,1,8,commyn,28.8901875
1907,651026.wav,5,8,commyn,36.126
1908,643677.wav,5,8,commyn,57.3569375
1909,635697.wav,3,8,commyn,47.136
1910,623016.wav,5,8,commyn,45.4369375
1911,609517.wav,4,8,commyn,111.9695625
1912,607469.wav,4,8,commyn,9.482125
1913,606861.wav,1,8,commyn,26.0521875
1914,600430.wav,1,8,commyn,42.251
1915,599364.wav,4,8,commyn,20.2296875
1916,598051.wav,1,8,commyn,73.4270625
1917,595360.wav,5,8,commyn,7.3839375
1918,591907.wav,5,8,commyn,20.057
1919,579177.wav,1,8,commyn,94.8056875
1920,577887.wav,1,8,commyn,64.631
1921,577886.wav,1,8,commyn,64.631
1922,568910.wav,3,8,commyn,21.480875
1923,542272.wav,2,8,commyn,21.5249375
1924,530827.wav,5,8,commyn,41.2773125
1925,529139.wav,1,8,commyn,23.472
1926,528946.wav,3,8,commyn,18.0186875
1927,521180.wav,3,8,commyn,287.1060625
1928,507723.wav,5,8,commyn,20.4421875
1929,507717.wav,2,8,commyn,37.31775
1930,504382.wav,1,8,commyn,13.464
1931,473458.wav,3,8,commyn,10.296
1932,472545.wav,2,8,commyn,16.509375
1933,469381.wav,1,8,commyn,64.553
1934,469357.wav,2,8,commyn,48.3626875
1935,469075.wav,1,8,commyn,4.0115625
1936,463161.wav,3,8,commyn,13.013125
1937,462828.wav,1,8,commyn,4.004125
1938,447270.wav,5,8,commyn,26.88
1939,447268.wav,1,8,commyn,443.1935
1940,446211.wav,3,8,commyn,75.9525
1941,442856.wav,4,8,commyn,6.745
1942,426169.wav,4,8,commyn,18.0778125
1943,410023.wav,5,8,commyn,29.7751875
1944,400882.wav,1,8,commyn,5.005875
1945,397490.wav,1,8,commyn,30.3020625
1946,369017.wav,4,8,commyn,10.8930625
1947,363407.wav,2,8,commyn,10.031
1948,344437.wav,2,8,commyn,34.978
1949,336261.wav,5,8,commyn,24.7728125
1950,335602.wav,1,8,commyn,15.6966875
1951,332018.wav,5,8,commyn,87.7191875
1952,331396.wav,1,8,commyn,19.96625
1953,323378.wav,2,8,commyn,49.488
1954,318687.wav,3,8,commyn,8.033375
1955,314334.wav,2,8,commyn,15.6015625
1956,311116.wav,5,8,commyn,45.9755
1957,311114.wav,3,8,commyn,21.1853125
1958,288043.wav,5,8,commyn,15.048
1959,283872.wav,1,8,commyn,19.368
1960,283871.wav,5,8,commyn,4.968
1961,280411.wav,2,8,commyn,24.398375
1962,269911.wav,3,8,commyn,17.6588125
1963,269131.wav,4,8,commyn,51.089
1964,240234.wav,5,8,commyn,11.650625
1965,208164.wav,4,8,commyn,67.13425
1966,208163.wav,2,8,commyn,80.1994375
1967,207633.wav,2,8,commyn,3.8608125
1968,203359.wav,1,8,commyn,10.213875
1969,203356.wav,4,8,commyn,9.5085625
1970,203349.wav,3,8,commyn,95.7126875
1971,203346.wav,2,8,commyn,216.111
1972,203345.wav,4,8,commyn,315.6375625
1973,203343.wav,5,8,commyn,64.8620625
1974,203342.wav,3,8,commyn,154.6188125
1975,203339.wav,5,8,commyn,56.398375
1976,198615.wav,5,8,commyn,11.2326875
1977,196959.wav,2,8,commyn,18.648
1978,195262.wav,5,8,commyn,78.66
1979,194940.wav,1,8,commyn,13.6881875
1980,194939.wav,4,8,commyn,11.2849375
1981,187497.wav,4,8,commyn,11.2326875
1982,185711.wav,5,8-12,commyn,24.79125
1983,185702.wav,5,8,commyn,19.67125
1984,184794.wav,2,8,commyn,12.357
1985,183880.wav,2,8,commyn,94.850625
1986,183879.wav,5,8,commyn,28.8130625
1987,183878.wav,3,8,commyn,43.493875
1988,183811.wav,3,8,commyn,181.6826875
1989,183810.wav,4,8,commyn,41.509625
1990,183809.wav,4,8,commyn,50.5991875
1991,183763.wav,4,8,commyn,69.38125
1992,183496.wav,5,8,commyn,26.697125
1993,180831.wav,3,8-8,commyn,2.712
1994,176315.wav,2,8,commyn,3.7355
1995,175519.wav,4,8,commyn,7.0269375
1996,175518.wav,5,8,commyn,12.6955
1997,175516.wav,1,8,commyn,12.591
1998,157876.wav,3,8,commyn,18.4685625
1999,152934.wav,3,8,commyn,10.272
2000,146924.wav,3,8,commyn,106.3445
2001,142706.wav,2,8,commyn,20.3158125
2002,116527.wav,5,8,commyn,9.9788125
2003,116526.wav,1,8,commyn,20.0359375
2004,116525.wav,3,8,commyn,29.231
2005,116524.wav,4,8,commyn,50.7820625
2006,114909.wav,2,8,commyn,41.9265625
2007,110983.wav,1,8,commyn,7.68
2008,110969.wav,1,8,commyn,67.0301875
2009,110968.wav,4,8,commyn,37.7730625
2010,110878.wav,5,8,commyn,9.8481875
2011,110877.wav,4,8,commyn,42.7101875
2012,110876.wav,4,8,commyn,45.6881875
2013,100286.wav,3,8,commyn,31.4775625
2014,100285.wav,2,8,commyn,34.2465625
2015,100284.wav,4,8,commyn,28.6301875
2016,100283.wav,2,8,commyn,60.42125
2017,94024.wav,5,8,commyn,3.0563125
2018,80366.wav,5,8,commyn,44.76
2019,79541.wav,4,8,commyn,5.5640625
2020,79540.wav,2,8,commyn,4.6236875
2021,79539.wav,3,8,commyn,5.5640625
2022,79538.wav,5,8,commyn,7.0530625
2023,79537.wav,3,8,commyn,6.8701875
2024,79536.wav,2,8,commyn,7.549375
2025,79535.wav,2,8,commyn,14.13225
2026,79507.wav,2,8,commyn,12.0685625
2027,73788.wav,5,8,commyn,17.6065625
2028,73132.wav,2,8,commyn,44.3298125
2029,40087.wav,2,8,commyn,166.76575
2030,40086.wav,3,8,commyn,66.2726875
2031,703337.wav,5,8,commyn,30.4290625
2032,680915.wav,3,8,commyn,14.024875
2033,662734.wav,2,8,commyn,39.68
2034,558752.wav,2,8,commyn,50.256
2035,494124.wav,2,8,commyn,23.2376875
2036,447898.wav,5,8,commyn,97.70275
2037,444548.wav,1,8,commyn,76.2666875
2038,363402.wav,4,8,commyn,11.2588125
2039,358067.wav,1,8,commyn,29.4429375
2040,335435.wav,5,8,commyn,31.82575
2041,282869.wav,3,8,commyn,5.041625
2042,281920.wav,4,8,commyn,48.0391875
2043,281919.wav,1,8,commyn,50.050625
2044,281918.wav,2,8,commyn,4.049
2045,281916.wav,3,8,commyn,63.059625
2046,185698.wav,5,8,commyn,14.8125
2047,184793.wav,2,8,commyn,64.3929375
2048,79745.wav,3,8,commyn,52.819625
2049,79744.wav,3,8,commyn,6.191
2050,606056.wav,2,8,commyn,18.313875
2051,521179.wav,5,8,commyn,1757.480625
2052,284831.wav,4,8,commyn,57.44325
2053,579693.wav,2,8,commyn,28.1920625
2054,521754.wav,4,8,commyn,485.3228125
2055,520058.wav,5,8,commyn,1370.833375
2056,519762.wav,4,8,commyn,439.6491875
2057,519659.wav,2,8,commyn,2169.6010625
2058,519640.wav,3,8,commyn,2630.2980625
2059,519458.wav,1,8,commyn,989.8256875
2060,379535.wav,3,8,commyn,47.74025
2061,659374.wav,3,9,padwar1,31.351
2062,622254.wav,3,9,padwar1,48.033125
2063,622253.wav,1,9,padwar1,8.163
2064,473835.wav,5,9,padwar1,50.544
2065,473834.wav,1,9,padwar1,16.536
2066,473616.wav,3,9,padwar1,42.24
2067,473552.wav,3,9,padwar1,52.008
2068,447187.wav,4,9,padwar1,18.7820625
2069,414268.wav,1,9,padwar1,116.52
2070,414266.wav,3,9,padwar1,113.016
2071,414265.wav,4,9,padwar1,55.368
2072,414264.wav,4,9,padwar1,55.8498125
2073,414261.wav,4,9,padwar1,51.3045
2074,414258.wav,5,9,padwar1,44.856
2075,414257.wav,5,9,padwar1,25.056
2076,414256.wav,3,9,padwar1,89.616
2077,414255.wav,5,9,padwar1,162.336
2078,413762.wav,3,9,padwar1,91.992
2079,403962.wav,2,9,padwar1,58.88
2080,317312.wav,4,9,padwar1,22.857125
2081,317311.wav,3,9,padwar1,27.4024375
2082,317310.wav,1,9,padwar1,127.817125
2083,317309.wav,5,9,padwar1,64.0
2084,304212.wav,4,9,padwar1,30.0408125
2085,295995.wav,2,9,padwar1,55.165875
2086,295994.wav,3,9,padwar1,82.5881875
2087,295993.wav,4,9,padwar1,87.951625
2088,295992.wav,4,9,padwar1,104.043375
2089,154731.wav,5,9,padwar1,99.432375
2090,120653.wav,1,9,padwar1,45.168
2091,120435.wav,5,9-9,padwar1,123.669875
2092,43822.wav,2,9,padwar1,10.579625
2093,43821.wav,5,9,padwar1,73.01225
2094,43820.wav,3,9,padwar1,28.186125
2095,19796.wav,1,9,padwar1,19.9575625
2096,666075.wav,2,9,padwar1,7.287
2097,488304.wav,3,9,padwar1,50.07675
2098,317308.wav,4,9,padwar1,54.6481875
2099,317307.wav,1,9,padwar1,64.15675
2100,308562.wav,3,9,padwar1,24.9730625
2101,264059.wav,3,9,padwar1,239.8563125
2102,264055.wav,2,9,padwar1,53.0546875
2103,212196.wav,3,9,padwar1,21.048
2104,184310.wav,5,9,padwar1,37.3823125
2105,184309.wav,1,9,padwar1,11.337125
2106,184307.wav,1,9,padwar1,27.6375625
2107,184303.wav,2,9,padwar1,90.3325
2108,183812.wav,2,9,padwar1,133.093875
2109,182272.wav,4,9,padwar1,20.662875
2110,182271.wav,5,9,padwar1,22.857125
2111,182269.wav,3,9,padwar1,46.9943125
2112,156557.wav,4,9,padwar1,51.384
2113,120429.wav,5,9,padwar1,12.269375
2114,120418.wav,1,9-9,padwar1,74.301375
2115,43825.wav,5,9,padwar1,169.32575
2116,43824.wav,5,9,padwar1,15.0988125
2117,43823.wav,5,9,padwar1,9.9526875
2118,607742.wav,5,9-12,padwar1,178.128
2119,434796.wav,2,9,padwar1,73.457375
2120,409692.wav,1,9,padwar1,30.864
2121,377447.wav,5,9,padwar1,93.939625
2122,314836.wav,5,9,padwar1,12.1991875
2123,305435.wav,4,9,padwar1,52.84575
2124,264058.wav,2,9,padwar1,358.426125
2125,264057.wav,1,9,padwar1,310.6481875
2126,264056.wav,3,9,padwar1,357.5640625
2127,262729.wav,3,9,padwar1,18.7036875
2128,184308.wav,5,9,padwar1,41.0916875
2129,183828.wav,4,9,padwar1,26.93225
2130,80699.wav,1,9,padwar1,38.7135
2131,432153.wav,5,9,padwar1,357.2139375
2132,305395.wav,4,9,padwar1,79.4645
2133,215502.wav,4,9-12,padwar1,13.195625
2134,158008.wav,1,9,padwar1,19.487375
2135,699496.wav,2,10,grrwar1,121.3879375
2136,667824.wav,2,10,grrwar1,368.6695625
2137,667617.wav,2,10,grrwar1,71.8485
2138,667596.wav,5,10,grrwar1,173.085
2139,667054.wav,2,10,grrwar1,44.628
2140,667053.wav,5,10,grrwar1,50.665
2141,664767.wav,5,10,grrwar1,58.853875
2142,661516.wav,1,10,grrwar1,61.272
2143,661515.wav,1,10,grrwar1,236.064
2144,661514.wav,1,10,grrwar1,90.552
2145,661513.wav,5,10,grrwar1,217.008
2146,661398.wav,5,10,grrwar1,241.8836875
2147,661392.wav,2,10,grrwar1,116.995375
2148,660942.wav,2,10,grrwar1,46.20425
2149,660941.wav,2,10,grrwar1,42.8011875
2150,660862.wav,3,10,grrwar1,124.342
2151,660773.wav,2,10,grrwar1,265.2200625
2152,658832.wav,5,10,grrwar1,64.1920625
2153,658796.wav,4,10,grrwar1,26.637875
2154,658130.wav,3,10,grrwar1,24.301625
2155,658129.wav,3,10,grrwar1,39.2745625
2156,657770.wav,2,10,grrwar1,92.067125
2157,657584.wav,3,10,grrwar1,27.2
2158,657375.wav,5,10,grrwar1,55.8755
2159,657186.wav,2,10,grrwar1,95.9254375
2160,657185.wav,2,10,grrwar1,148.7110625
2161,657007.wav,2,10,grrwar1,21.574625
2162,656317.wav,3,10,grrwar1,22.128
2163,655721.wav,2,10,grrwar1,92.9959375
2164,655157.wav,3,10,grrwar1,94.9741875
2165,654832.wav,3,10-17,grrwar1,215.312625
2166,654045.wav,1,10,grrwar1,40.366125
2167,653655.wav,5,10,grrwar1,18.42075
2168,653532.wav,5,10,grrwar1,28.226375
2169,653005.wav,5,10-17,grrwar1,278.1634375
2170,652983.wav,3,10-16-17,grrwar1,45.590875
2171,652522.wav,3,10-17,grrwar1,137.7581875
2172,651597.wav,5,10,grrwar1,46.299125
2173,651595.wav,4,10-17,grrwar1,111.2669375
2174,651594.wav,3,10-17,grrwar1,159.0585
2175,651559.wav,2,10,grrwar1,113.6065625
2176,651278.wav,5,10,grrwar1,50.352
2177,651276.wav,5,10,grrwar1,83.424
2178,651274.wav,3,10,grrwar1,68.208
2179,651271.wav,3,10,grrwar1,394.368
2180,651267.wav,2,10,grrwar1,401.376
2181,651259.wav,4,10,grrwar1,352.992
2182,651218.wav,3,10,grrwar1,177.764
2183,650898.wav,2,10,grrwar1,134.645125
2184,650736.wav,5,10,grrwar1,134.5709375
2185,650728.wav,2,10,grrwar1,67.284
2186,650650.wav,1,10-16,grrwar1,45.828
2187,649832.wav,5,10,grrwar1,389.8009375
2188,649284.wav,1,10,grrwar1,26.4289375
2189,648967.wav,5,10,grrwar1,186.90725
2190,648459.wav,1,10,grrwar1,12.96175
2191,647938.wav,1,10,grrwar1,24.7310625
2192,647937.wav,1,10,grrwar1,171.5270625
2193,647874.wav,4,10,grrwar1,96.0885625
2194,647873.wav,2,10,grrwar1,257.8153125
2195,647459.wav,1,10,grrwar1,36.7786875
2196,647443.wav,4,10,grrwar1,49.368
2197,647239.wav,1,10,grrwar1,12.144
2198,646616.wav,2,10,grrwar1,106.533
2199,646460.wav,3,10,grrwar1,81.0383125
2200,646459.wav,1,10,grrwar1,69.444625
2201,646458.wav,1,10,grrwar1,43.4801875
2202,645862.wav,5,10,grrwar1,61.3355
2203,630315.wav,2,10,grrwar1,253.9005625
2204,630244.wav,5,10,grrwar1,157.56
2205,620493.wav,2,10-15,grrwar1,32.0
2206,602349.wav,2,10,grrwar1,602.556125
2207,586248.wav,1,10,grrwar1,73.285125
2208,586246.wav,1,10,grrwar1,235.751
2209,583206.wav,1,10,grrwar1,75.9240625
2210,580449.wav,3,10,grrwar1,12.6665
2211,579176.wav,1,10,grrwar1,36.7916875
2212,576318.wav,2,10,grrwar1,32.7198125
2213,575011.wav,3,10,grrwar1,70.857875
2214,572412.wav,5,10,grrwar1,137.6653125
2215,572141.wav,4,10,grrwar1,70.449
2216,571898.wav,3,10,grrwar1,125.016
2217,571897.wav,1,10,grrwar1,89.424
2218,571896.wav,5,10,grrwar1,30.792
2219,571895.wav,1,10,grrwar1,120.384
2220,571893.wav,1,10,grrwar1,32.232
2221,571333.wav,1,10-17,grrwar1,44.0
2222,570837.wav,2,10,grrwar1,14.0
2223,568845.wav,4,10,grrwar1,80.945625
2224,567980.wav,1,10-10,grrwar1,25.5864375
2225,567073.wav,3,10,grrwar1,80.232
2226,566540.wav,2,10,grrwar1,53.786125
2227,565668.wav,1,10,grrwar1,207.0616875
2228,565049.wav,2,10,grrwar1,51.5516875
2229,564727.wav,2,10-10,grrwar1,95.675875
2230,564480.wav,5,10,grrwar1,155.5745625
2231,564189.wav,5,10,grrwar1,465.696
2232,563269.wav,3,10,grrwar1,4.7143125
2233,563170.wav,3,10,grrwar1,26.6333125
2234,563164.wav,1,10,grrwar1,175.229375
2235,562617.wav,1,10,grrwar1,30.5206875
2236,562616.wav,2,10,grrwar1,18.4146875
2237,562316.wav,3,10-17,grrwar1,253.8359375
2238,561917.wav,2,10,grrwar1,36.264
2239,561800.wav,5,10,grrwar1,2.3998125
2240,560404.wav,5,10,grrwar1,31.14075
2241,559981.wav,4,10,grrwar1,312.2678125
2242,558942.wav,2,10,grrwar1,69.552
2243,555947.wav,1,10,grrwar1,104.489
2244,555228.wav,1,10-10,grrwar1,87.694125
2245,554200.wav,5,10,grrwar1,201.648
2246,551350.wav,3,10,grrwar1,338.0971875
2247,522864.wav,5,10,grrwar1,308.6628125
2248,519927.wav,3,10,grrwar1,239.30775
2249,511182.wav,5,10,grrwar1,60.6968125
2250,489178.wav,5,10,grrwar1,14.838625
2251,489177.wav,2,10,grrwar1,25.5749375
2252,485376.wav,1,10-10,grrwar1,167.588
2253,484749.wav,3,10,grrwar1,35.9236875
2254,483906.wav,5,10,grrwar1,102.0615
2255,483841.wav,4,10,grrwar1,58.528875
2256,483836.wav,5,10,grrwar1,76.6575625
2257,480860.wav,5,10,grrwar1,43.848
2258,480061.wav,4,10,grrwar1,99.436
2259,479978.wav,5,10,grrwar1,131.3436875
2260,479839.wav,4,10,grrwar1,120.592375
2261,478850.wav,5,10,grrwar1,709.3115625
2262,478415.wav,3,10,grrwar1,105.3605625
2263,477688.wav,3,10,grrwar1,132.10125
2264,477258.wav,4,10,grrwar1,31.44
2265,476146.wav,5,10,grrwar1,127.3253125
2266,475965.wav,5,10,grrwar1,109.7950625
2267,475479.wav,3,10,grrwar1,59.512625
2268,475474.wav,1,10,grrwar1,86.527375
2269,475112.wav,3,10,grrwar1,9.528
2270,474964.wav,5,10,grrwar1,298.60275
2271,474488.wav,3,10,grrwar1,22.597
2272,473778.wav,2,10-16,grrwar1,37.68
2273,473571.wav,1,10,grrwar1,98.385125
2274,473568.wav,2,10,grrwar1,64.437375
2275,473249.wav,1,10,grrwar1,25.8126875
2276,471273.wav,2,10,grrwar1,57.118
2277,470989.wav,3,10,grrwar1,46.8
2278,468881.wav,3,10,grrwar1,214.961625
2279,467851.wav,3,10,grrwar1,124.818875
2280,449187.wav,2,10,grrwar1,139.141875
2281,428978.wav,5,10,grrwar1,20.715125
2282,428977.wav,5,10-10,grrwar1,87.6408125
2283,428392.wav,5,10,grrwar1,6.5
2284,424855.wav,4,10,grrwar1,44.1208125
2285,422183.wav,2,10,grrwar1,66.936
2286,422182.wav,3,10,grrwar1,48.384
2287,422020.wav,3,10,grrwar1,50.7036875
2288,422019.wav,2,10-10,grrwar1,301.1135
2289,422018.wav,4,10-10,grrwar1,111.8301875
2290,420542.wav,4,10-15,grrwar1,365.928
2291,420352.wav,5,10,grrwar1,127.7923125
2292,419606.wav,4,10,grrwar1,46.692
2293,417722.wav,1,10,grrwar1,89.005
2294,417425.wav,3,10,grrwar1,129.0449375
2295,417158.wav,4,10,grrwar1,62.088
2296,417157.wav,5,10,grrwar1,23.256
2297,417156.wav,4,10,grrwar1,61.368
2298,417155.wav,5,10,grrwar1,104.496
2299,417152.wav,3,10,grrwar1,36.072
2300,417151.wav,2,10,grrwar1,84.576
2301,417025.wav,1,10,grrwar1,200.2024375
2302,416512.wav,4,10,grrwar1,91.5506875
2303,416396.wav,1,10,grrwar1,67.36
2304,416385.wav,4,10,grrwar1,87.5363125
2305,413443.wav,3,10,grrwar1,77.544
2306,413440.wav,2,10,grrwar1,148.536
2307,413308.wav,5,10,grrwar1,117.528
2308,413306.wav,4,10,grrwar1,24.024
2309,413268.wav,1,10,grrwar1,87.1978125
2310,412830.wav,1,10,grrwar1,81.52925
2311,412818.wav,5,10,grrwar1,207.168
2312,411823.wav,1,10,grrwar1,78.3128125
2313,411815.wav,4,10,grrwar1,48.3166875
2314,405928.wav,1,10,grrwar1,50.695375
2315,405926.wav,3,10,grrwar1,53.3835625
2316,405923.wav,2,10,grrwar1,24.3230625
2317,405920.wav,5,10,grrwar1,50.5563125
2318,402250.wav,5,10,grrwar1,25.752
2319,401731.wav,5,10,grrwar1,39.312375
2320,401472.wav,4,10,grrwar1,25.420375
2321,401468.wav,1,10,grrwar1,34.17925
2322,399951.wav,1,10-17,grrwar1,298.7340625
2323,398406.wav,1,10,grrwar1,117.028625
2324,395300.wav,2,10-10-17,grrwar1,87.936
2325,395297.wav,4,10-10,grrwar1,521.424
2326,393878.wav,1,10-10-17,grrwar1,230.688
2327,385559.wav,2,10,grrwar1,28.369
2328,383516.wav,5,10,grrwar1,207.8301875
2329,383515.wav,4,10,grrwar1,32.7053125
2330,382926.wav,3,10,grrwar1,59.690875
2331,382171.wav,3,10,grrwar1,27.377375
2332,382170.wav,3,10,grrwar1,22.779875
2333,382169.wav,4,10,grrwar1,37.3561875
2334,382168.wav,2,10,grrwar1,29.3888125
2335,382011.wav,5,10,grrwar1,88.0020625
2336,381177.wav,1,10,grrwar1,19.0323125
2337,381176.wav,2,10-17,grrwar1,45.5549375
2338,381011.wav,2,10,grrwar1,45.4791875
2339,379587.wav,4,10,grrwar1,52.728
2340,378949.wav,1,10,grrwar1,156.676875
2341,378348.wav,3,10,grrwar1,7.3143125
2342,378134.wav,1,10,grrwar1,135.5116875
2343,377326.wav,1,10-10,grrwar1,560.8761875
2344,376635.wav,4,10,grrwar1,47.711625
2345,376584.wav,1,10,grrwar1,43.8165
2346,376582.wav,5,10,grrwar1,15.4675625
2347,376579.wav,2,10,grrwar1,20.203375
2348,376578.wav,4,10,grrwar1,103.0854375
2349,375857.wav,4,10-16,grrwar1,89.457875
2350,375320.wav,1,10-17,grrwar1,40.071875
2351,374834.wav,3,10,grrwar1,71.568
2352,373678.wav,4,10,grrwar1,181.60325
2353,373672.wav,3,10,grrwar1,87.3806875
2354,373112.wav,4,10-16,grrwar1,62.1813125
2355,373111.wav,1,10-16,grrwar1,16.8561875
2356,372768.wav,3,10,grrwar1,446.2910625
2357,372294.wav,2,10-10,grrwar1,114.39125
2358,371601.wav,3,10,grrwar1,30.902875
2359,371013.wav,5,10,grrwar1,26.7755
2360,369910.wav,4,10,grrwar1,89.7839375
2361,369813.wav,4,10,grrwar1,28.3429375
2362,369007.wav,2,10,grrwar1,131.8080625
2363,368122.wav,4,10,grrwar1,87.0933125
2364,367684.wav,4,10,grrwar1,241.4965625
2365,367106.wav,4,10-10-16,grrwar1,117.9439375
2366,367079.wav,4,10,grrwar1,45.3485625
2367,367078.wav,2,10,grrwar1,57.19075
2368,366379.wav,3,10,grrwar1,124.081625
2369,366050.wav,4,10,grrwar1,424.4114375
2370,365919.wav,4,10,grrwar1,233.256
2371,364950.wav,4,10,grrwar1,51.5715
2372,364289.wav,1,10,grrwar1,38.64
2373,364288.wav,3,10,grrwar1,56.808
2374,363793.wav,1,10,grrwar1,110.5315
2375,347292.wav,1,10,grrwar1,29.2869375
2376,347291.wav,2,10,grrwar1,33.26125
2377,347290.wav,1,10,grrwar1,9.883
2378,347289.wav,5,10,grrwar1,5.957125
2379,347288.wav,3,10,grrwar1,7.4890625
2380,343786.wav,1,10,grrwar1,90.2791875
2381,343283.wav,1,10,grrwar1,80.064
2382,341532.wav,2,10,grrwar1,36.6414375
2383,336505.wav,1,10,grrwar1,16.0925
2384,334637.wav,3,10-16,grrwar1,59.8204375
2385,330323.wav,3,10,grrwar1,42.3455625
2386,329530.wav,1,10,grrwar1,49.294125
2387,329529.wav,3,10,grrwar1,64.0794375
2388,329527.wav,5,10,grrwar1,127.60925
2389,328405.wav,5,10-16,grrwar1,126.3281875
2390,327885.wav,5,10,grrwar1,183.19675
2391,325359.wav,5,10,grrwar1,48.431
2392,325290.wav,4,10,grrwar1,129.6468125
2393,322549.wav,4,10,grrwar1,80.6933125
2394,322326.wav,3,10-17,grrwar1,17.712125
2395,322182.wav,1,10,grrwar1,47.616
2396,321211.wav,2,10,grrwar1,278.2453125
2397,320974.wav,5,10,grrwar1,22.4925
2398,320132.wav,4,10,grrwar1,49.896
2399,320042.wav,2,10,grrwar1,125.5221875
2400,319528.wav,3,10-17,grrwar1,86.047375
2401,316403.wav,5,10-10,grrwar1,76.6138125
2402,315970.wav,2,10-17,grrwar1,90.911
2403,315781.wav,5,10,grrwar1,120.6044375
2404,315360.wav,4,10,grrwar1,97.257
2405,315325.wav,1,10,grrwar1,29.8399375
2406,315324.wav,3,10,grrwar1,14.4341875
2407,315323.wav,2,10,grrwar1,14.498125
2408,314607.wav,5,10,grrwar1,26.736
2409,313401.wav,2,10,grrwar1,60.73575
2410,306191.wav,2,10,grrwar1,45.36
2411,291582.wav,1,10,grrwar1,81.571625
2412,289559.wav,4,10,grrwar1,719.64
2413,287127.wav,5,10,grrwar1,26.300125
2414,281529.wav,4,10,grrwar1,66.586125
2415,281528.wav,5,10,grrwar1,43.546125
2416,281527.wav,1,10,grrwar1,45.6620625
2417,270203.wav,2,10,grrwar1,57.0253125
2418,269607.wav,2,10,grrwar1,108.2775625
2419,264000.wav,2,10,grrwar1,154.9223125
2420,261475.wav,5,10,grrwar1,98.143125
2421,256475.wav,5,10,grrwar1,14.1333125
2422,248084.wav,5,10,grrwar1,25.44325
2423,247482.wav,4,10,grrwar1,62.1186875
2424,247481.wav,1,10,grrwar1,98.3545
2425,247462.wav,3,10,grrwar1,23.6160625
2426,246856.wav,2,10,grrwar1,75.155375
2427,246322.wav,5,10,grrwar1,82.7820625
2428,244365.wav,3,10,grrwar1,49.038375
2429,243773.wav,1,10-17,grrwar1,135.62775
2430,243577.wav,4,10,grrwar1,60.42125
2431,241145.wav,1,10,grrwar1,502.2
2432,240480.wav,1,10,grrwar1,121.392
2433,225359.wav,4,10-16,grrwar1,72.071875
2434,217902.wav,1,10,grrwar1,64.5485625
2435,214094.wav,4,10-16,grrwar1,97.9330625
2436,193623.wav,1,10,grrwar1,24.216
2437,186550.wav,4,10,grrwar1,48.770625
2438,184382.wav,5,10,grrwar1,48.024
2439,184312.wav,3,10,grrwar1,37.2516875
2440,181961.wav,1,10,grrwar1,327.769
2441,181959.wav,1,10,grrwar1,365.881
2442,181353.wav,3,10-17,grrwar1,169.272
2443,180900.wav,2,10,grrwar1,61.0
2444,180810.wav,3,10-17,grrwar1,374.351875
2445,180809.wav,1,10,grrwar1,204.05875
2446,180757.wav,1,10,grrwar1,74.60575
2447,178960.wav,1,10,grrwar1,46.849
2448,178876.wav,2,10,grrwar1,85.705
2449,178874.wav,3,10,grrwar1,178.081
2450,178871.wav,4,10,grrwar1,100.009
2451,178869.wav,3,10,grrwar1,90.769
2452,178866.wav,1,10,grrwar1,145.777
2453,178865.wav,5,10,grrwar1,44.257
2454,178864.wav,3,10,grrwar1,20.689
2455,178551.wav,1,10,grrwar1,73.4051875
2456,178549.wav,2,10,grrwar1,48.9023125
2457,168720.wav,4,10,grrwar1,66.72
2458,163304.wav,3,10,grrwar1,205.06125
2459,162861.wav,4,10,grrwar1,48.509375
2460,161514.wav,4,10,grrwar1,45.3485625
2461,157120.wav,3,10,grrwar1,25.037625
2462,157119.wav,2,10,grrwar1,55.755125
2463,155522.wav,3,10,grrwar1,59.5689375
2464,153225.wav,1,10,grrwar1,221.80575
2465,149981.wav,3,10,grrwar1,27.4808125
2466,148552.wav,1,10,grrwar1,228.055125
2467,145138.wav,5,10,grrwar1,168.5681875
2468,144968.wav,4,10,grrwar1,69.053125
2469,142676.wav,3,10,grrwar1,27.8996875
2470,142136.wav,3,10,grrwar1,73.368
2471,140530.wav,2,10,grrwar1,66.0898125
2472,140047.wav,1,10,grrwar1,31.5820625
2473,139555.wav,2,10,grrwar1,48.0391875
2474,137857.wav,1,10,grrwar1,68.592
2475,136005.wav,2,10-10-17,grrwar1,46.632
2476,136004.wav,1,10-10,grrwar1,40.368
2477,135640.wav,3,10,grrwar1,103.387625
2478,135424.wav,5,10-17,grrwar1,77.4791875
2479,134613.wav,5,10,grrwar1,66.2988125
2480,134483.wav,1,10,grrwar1,60.455875
2481,134206.wav,4,10-17,grrwar1,22.416
2482,134089.wav,2,10-16,grrwar1,47.3911875
2483,134082.wav,2,10,grrwar1,61.0135625
2484,134071.wav,1,10,grrwar1,108.1649375
2485,131536.wav,2,10,grrwar1,40.632
2486,131004.wav,3,10,grrwar1,77.5200625
2487,129487.wav,4,10,grrwar1,117.504
2488,129486.wav,5,10,grrwar1,130.752
2489,129485.wav,2,10,grrwar1,57.552
2490,121960.wav,5,10,grrwar1,100.4296875
2491,120933.wav,4,10-16,grrwar1,91.6845
2492,110375.wav,3,10,grrwar1,96.7053125
2493,107489.wav,1,10,grrwar1,48.9535
2494,106932.wav,1,10,grrwar1,24.502875
2495,104564.wav,4,10,grrwar1,4.9043125
2496,104183.wav,3,10,grrwar1,155.256
2497,103869.wav,5,10,grrwar1,23.6930625
2498,103169.wav,1,10,grrwar1,61.1004375
2499,101946.wav,5,10,grrwar1,16.2481875
2500,101945.wav,3,10,grrwar1,53.4465625
2501,101549.wav,1,10,grrwar1,178.752
2502,101522.wav,4,10,grrwar1,123.3501875
2503,101521.wav,3,10,grrwar1,41.6914375
2504,100559.wav,1,10,grrwar1,51.7893125
2505,100557.wav,2,10,grrwar1,26.8024375
2506,100330.wav,3,10,grrwar1,49.301375
2507,100010.wav,3,10,grrwar1,151.656
2508,100009.wav,1,10,grrwar1,159.24
2509,99854.wav,1,10,grrwar1,38.76
2510,83213.wav,4,10,grrwar1,87.5101875
2511,81903.wav,5,10-17,grrwar1,41.247375
2512,79581.wav,3,10,grrwar1,58.3053125
2513,79035.wav,5,10,grrwar1,53.577125
2514,79034.wav,1,10,grrwar1,62.4849375
2515,77935.wav,1,10-16,grrwar1,72.116875
2516,75062.wav,2,10,grrwar1,107.2315
2517,74660.wav,3,10,grrwar1,74.057125
2518,56175.wav,4,10,grrwar1,58.3314375
2519,54915.wav,3,10,grrwar1,35.0563125
2520,54260.wav,3,10,grrwar1,183.013875
2521,54029.wav,2,10,grrwar1,35.0543125
2522,54028.wav,2,10,grrwar1,101.142875
2523,50432.wav,5,10,grrwar1,26.4620625
2524,48348.wav,3,10,grrwar1,44.117375
2525,48347.wav,2,10,grrwar1,112.19725
2526,42449.wav,1,10,grrwar1,36.8326875
2527,37397.wav,5,10,grrwar1,48.457125
2528,35419.wav,3,10,grrwar1,71.810625
2529,35334.wav,2,10,grrwar1,59.016
2530,29764.wav,1,10,grrwar1,182.352
2531,29709.wav,1,10,grrwar1,157.176
2532,26695.wav,4,10,grrwar1,136.4375625
2533,22698.wav,5,10,grrwar1,64.05225
2534,18967.wav,3,10,grrwar1,34.0636875
2535,687651.wav,3,10,grrwar1,46.9159375
2536,686894.wav,4,10,grrwar1,70.9298125
2537,686890.wav,4,10,grrwar1,20.166625
2538,672334.wav,4,10,grrwar1,240.985625
2539,669911.wav,4,10-16,grrwar1,222.903875
2540,666634.wav,1,10,grrwar1,48.4138125
2541,666632.wav,4,10,grrwar1,31.85775
2542,664446.wav,3,10,grrwar1,43.486
2543,662846.wav,2,10,grrwar1,27.19175
2544,659736.wav,1,10,grrwar1,55.9945625
2545,656952.wav,1,10,grrwar1,80.3410625
2546,656353.wav,5,10-17,grrwar1,1030.49925
2547,655916.wav,1,10,grrwar1,12.6766875
2548,655538.wav,5,10,grrwar1,31.602
2549,653637.wav,5,10,grrwar1,48.425
2550,653237.wav,2,10,grrwar1,185.985
2551,651705.wav,2,10-17,grrwar1,52.96475
2552,651596.wav,3,10,grrwar1,34.777375
2553,650978.wav,4,10,grrwar1,61.143625
2554,649768.wav,1,10,grrwar1,24.0588125
2555,649705.wav,5,10,grrwar1,100.5453125
2556,649468.wav,2,10,grrwar1,114.6454375
2557,648926.wav,2,10,grrwar1,33.504
2558,647441.wav,1,10,grrwar1,10.86
2559,646215.wav,4,10,grrwar1,23.170625
2560,646214.wav,4,10,grrwar1,88.8424375
2561,646064.wav,3,10,grrwar1,81.2669375
2562,615007.wav,3,10,grrwar1,20.308875
2563,611745.wav,3,10,grrwar1,134.498625
2564,603462.wav,1,10-16,grrwar1,128.9415
2565,595368.wav,4,10,grrwar1,55.99775
2566,586730.wav,4,10,grrwar1,11.4029375
2567,585552.wav,1,10,grrwar1,29.907
2568,584956.wav,3,10,grrwar1,38.0643125
2569,584171.wav,1,10,grrwar1,72.6838125
2570,583156.wav,3,10,grrwar1,23.30125
2571,578410.wav,4,10-17,grrwar1,89.840125
2572,576319.wav,1,10,grrwar1,37.8038125
2573,574921.wav,2,10,grrwar1,23.59175
2574,573628.wav,3,10,grrwar1,58.337875
2575,570720.wav,3,10,grrwar1,30.2236875
2576,570718.wav,2,10,grrwar1,62.850625
2577,570079.wav,4,10,grrwar1,17.728625
2578,570077.wav,1,10,grrwar1,23.6273125
2579,570076.wav,1,10,grrwar1,41.0381875
2580,566055.wav,1,10,grrwar1,55.19925
2581,565810.wav,1,10,grrwar1,252.936
2582,565629.wav,2,10,grrwar1,50.0245
2583,563689.wav,3,10,grrwar1,46.315125
2584,562782.wav,2,10,grrwar1,67.12775
2585,562775.wav,4,10,grrwar1,120.9426875
2586,562331.wav,1,10,grrwar1,139.14475
2587,561988.wav,4,10,grrwar1,18.2
2588,561977.wav,1,10,grrwar1,51.2605625
2589,561799.wav,5,10,grrwar1,102.249
2590,561795.wav,4,10,grrwar1,136.6585
2591,561793.wav,4,10,grrwar1,93.17625
2592,561194.wav,1,10,grrwar1,114.825
2593,560149.wav,4,10,grrwar1,20.1404375
2594,558970.wav,3,10,grrwar1,93.621375
2595,558421.wav,5,10,grrwar1,40.5624375
2596,558019.wav,1,10,grrwar1,57.2270625
2597,557489.wav,3,10-16,grrwar1,66.6026875
2598,557485.wav,2,10,grrwar1,48.512
2599,556732.wav,1,10,grrwar1,86.8049375
2600,556705.wav,2,10,grrwar1,34.993625
2601,555948.wav,4,10,grrwar1,84.427
2602,555656.wav,2,10,grrwar1,10.0693125
2603,555231.wav,5,10-10,grrwar1,96.863125
2604,555230.wav,5,10-10,grrwar1,82.80925
2605,553748.wav,2,10,grrwar1,248.1126875
2606,553695.wav,4,10,grrwar1,53.573
2607,553273.wav,4,10,grrwar1,7.608
2608,550107.wav,3,10-17,grrwar1,140.669375
2609,543208.wav,2,10,grrwar1,19.1796875
2610,543206.wav,2,10,grrwar1,6.5594375
2611,538481.wav,4,10,grrwar1,120.8713125
2612,538094.wav,3,10,grrwar1,117.4726875
2613,535692.wav,3,10,grrwar1,178.3129375
2614,534854.wav,1,10,grrwar1,32.5746875
2615,528603.wav,5,10,grrwar1,20.689
2616,524481.wav,3,10,grrwar1,66.09125
2617,523724.wav,4,10,grrwar1,28.0093125
2618,522426.wav,1,10,grrwar1,27.355
2619,519907.wav,4,10,grrwar1,54.961625
2620,513348.wav,4,10,grrwar1,21.87925
2621,512873.wav,1,10,grrwar1,46.471875
2622,511183.wav,4,10,grrwar1,80.307875
2623,505814.wav,2,10,grrwar1,102.0586875
2624,490342.wav,3,10,grrwar1,74.9191875
2625,489179.wav,2,10,grrwar1,37.5390625
2626,488409.wav,1,10-10,grrwar1,188.029375
2627,488301.wav,4,10,grrwar1,376.0588125
2628,488300.wav,4,10,grrwar1,64.130625
2629,484851.wav,5,10,grrwar1,10.1335
2630,483420.wav,3,10,grrwar1,104.482875
2631,478412.wav,1,10,grrwar1,18.07675
2632,478172.wav,1,10,grrwar1,182.6743125
2633,478102.wav,4,10,grrwar1,118.0605
2634,477945.wav,3,10,grrwar1,281.96575
2635,477541.wav,3,10-16,grrwar1,39.8785625
2636,476963.wav,1,10,grrwar1,64.392
2637,476959.wav,2,10,grrwar1,43.512
2638,476958.wav,1,10,grrwar1,55.992
2639,476642.wav,1,10,grrwar1,28.290625
2640,476641.wav,3,10,grrwar1,41.7175625
2641,476086.wav,4,10,grrwar1,98.7175
2642,473523.wav,5,10,grrwar1,82.548
2643,473504.wav,3,10,grrwar1,57.28075
2644,471549.wav,4,10,grrwar1,37.48575
2645,471275.wav,3,10,grrwar1,36.474
2646,470699.wav,1,10,grrwar1,102.0081875
2647,469868.wav,1,10,grrwar1,167.471
2648,467405.wav,5,10,grrwar1,39.471
2649,452331.wav,2,10,grrwar1,90.4881875
2650,448264.wav,5,10,grrwar1,45.139625
2651,424245.wav,5,10,grrwar1,38.192125
2652,424006.wav,5,10-16,grrwar1,104.472
2653,423270.wav,2,10,grrwar1,147.9574375
2654,420992.wav,1,10,grrwar1,141.426375
2655,420465.wav,2,10,grrwar1,14.158375
2656,418354.wav,5,10,grrwar1,43.4541875
2657,417594.wav,4,10,grrwar1,47.229375
2658,414945.wav,1,10,grrwar1,73.082875
2659,414629.wav,3,10,grrwar1,51.770125
2660,411660.wav,2,10,grrwar1,139.2849375
2661,411317.wav,1,10,grrwar1,57.48
2662,410115.wav,5,10,grrwar1,103.6639375
2663,405929.wav,4,10,grrwar1,76.9935625
2664,405919.wav,4,10,grrwar1,25.5236875
2665,402889.wav,4,10,grrwar1,16.759
2666,393877.wav,1,10-10-17,grrwar1,1309.68
2667,393022.wav,2,10,grrwar1,24.417125
2668,393021.wav,1,10,grrwar1,21.3371875
2669,393019.wav,5,10,grrwar1,20.5085625
2670,393016.wav,4,10,grrwar1,12.157625
2671,387394.wav,4,10,grrwar1,37.0426875
2672,383372.wav,2,10,grrwar1,44.17825
2673,377794.wav,4,10,grrwar1,93.327875
2674,377680.wav,5,10,grrwar1,9.4133125
2675,377444.wav,2,10-10,grrwar1,218.5685
2676,376637.wav,3,10,grrwar1,36.1680625
2677,376577.wav,4,10,grrwar1,28.6485
2678,376575.wav,2,10,grrwar1,27.617125
2679,373547.wav,5,10,grrwar1,3.6049375
2680,373152.wav,5,10,grrwar1,6.0604375
2681,372926.wav,2,10,grrwar1,14.001625
2682,370701.wav,2,10,grrwar1,67.0439375
2683,366635.wav,2,10,grrwar1,17.7643125
2684,366623.wav,3,10,grrwar1,44.226375
2685,366044.wav,1,10,grrwar1,10.475125
2686,358978.wav,1,10,grrwar1,22.7265625
2687,356984.wav,3,10,grrwar1,16.997
2688,325249.wav,3,10,grrwar1,166.399
2689,323584.wav,2,10,grrwar1,25.153
2690,322548.wav,5,10,grrwar1,128.88925
2691,322350.wav,5,10-16,grrwar1,47.490625
2692,321516.wav,1,10-17,grrwar1,30.4455625
2693,320991.wav,4,10,grrwar1,68.68725
2694,320139.wav,1,10,grrwar1,73.53425
2695,319066.wav,1,10,grrwar1,385.68
2696,318638.wav,5,10-16,grrwar1,12.4081875
2697,317859.wav,4,10-16-15,grrwar1,120.80525
2698,317834.wav,1,10,grrwar1,75.2058125
2699,317702.wav,4,10,grrwar1,13.3746875
2700,317025.wav,5,10,grrwar1,36.8326875
2701,314661.wav,3,10,grrwar1,118.5093125
2702,306190.wav,4,10-16,grrwar1,45.48
2703,306151.wav,1,10,grrwar1,70.32
2704,306058.wav,5,10,grrwar1,34.104
2705,303655.wav,5,10,grrwar1,49.8099375
2706,297417.wav,5,10,grrwar1,17.6658125
2707,294485.wav,5,10,grrwar1,116.0
2708,291584.wav,4,10-17,grrwar1,20.101125
2709,287126.wav,1,10,grrwar1,66.6401875
2710,279760.wav,1,10,grrwar1,23.5624375
2711,278476.wav,2,10,grrwar1,97.619625
2712,277477.wav,2,10,grrwar1,70.24325
2713,271723.wav,4,10,grrwar1,128.7053125
2714,270357.wav,4,10,grrwar1,288.9143125
2715,270355.wav,1,10,grrwar1,350.746125
2716,270354.wav,4,10,grrwar1,341.629375
2717,270351.wav,2,10,grrwar1,92.4735
2718,270350.wav,3,10,grrwar1,358.687375
2719,270348.wav,2,10,grrwar1,359.1053125
2720,270346.wav,5,10,grrwar1,355.631
2721,270234.wav,4,10,grrwar1,89.730625
2722,269372.wav,1,10,grrwar1,48.0130625
2723,267181.wav,1,10,grrwar1,208.0130625
2724,267179.wav,4,10,grrwar1,31.6081875
2725,267178.wav,2,10,grrwar1,31.1640625
2726,267177.wav,5,10,grrwar1,53.942875
2727,267175.wav,1,10,grrwar1,60.9436875
2728,263302.wav,1,10,grrwar1,20.64
2729,263300.wav,5,10-10,grrwar1,6.72
2730,256482.wav,1,10,grrwar1,54.04075
2731,253629.wav,1,10,grrwar1,114.6514375
2732,253217.wav,5,10,grrwar1,518.712
2733,251934.wav,4,10,grrwar1,94.4173125
2734,247631.wav,3,10-16,grrwar1,34.742875
2735,247051.wav,2,10,grrwar1,82.0624375
2736,246389.wav,2,10,grrwar1,20.3786875
2737,246325.wav,2,10,grrwar1,99.3175625
2738,243485.wav,2,10,grrwar1,122.5988125
2739,240754.wav,5,10,grrwar1,79.152125
2740,240498.wav,4,10,grrwar1,11.2065625
2741,239626.wav,5,10,grrwar1,182.088
2742,237827.wav,1,10,grrwar1,60.0
2743,237755.wav,2,10,grrwar1,33.9804375
2744,237425.wav,4,10,grrwar1,39.1053125
2745,236603.wav,3,10,grrwar1,83.801875
2746,215950.wav,1,10-17,grrwar1,98.913625
2747,215604.wav,4,10,grrwar1,40.9498125
2748,214426.wav,1,10,grrwar1,56.2165625
2749,206242.wav,5,10,grrwar1,303.2555
2750,204583.wav,2,10,grrwar1,14.884625
2751,197697.wav,3,10,grrwar1,13.7143125
2752,197627.wav,1,10,grrwar1,126.0368125
2753,186078.wav,4,10,grrwar1,23.04
2754,183238.wav,2,10,grrwar1,134.057
2755,182276.wav,4,10,grrwar1,123.03675
2756,182275.wav,4,10,grrwar1,73.247375
2757,181551.wav,3,10,grrwar1,95.973875
2758,181300.wav,5,10,grrwar1,15.72775
2759,180031.wav,1,10,grrwar1,31.355625
2760,179935.wav,5,10,grrwar1,137.360625
2761,179140.wav,4,10,grrwar1,95.857
2762,178959.wav,1,10,grrwar1,74.857
2763,178794.wav,5,10,grrwar1,250.825
2764,178793.wav,5,10,grrwar1,250.849
2765,178792.wav,2,10,grrwar1,249.865
2766,178791.wav,2,10,grrwar1,250.585
2767,178790.wav,1,10,grrwar1,250.633
2768,178789.wav,5,10,grrwar1,251.713
2769,178788.wav,5,10,grrwar1,251.017
2770,178787.wav,4,10,grrwar1,251.017
2771,178786.wav,4,10,grrwar1,250.921
2772,178201.wav,3,10,grrwar1,79.0865625
2773,177308.wav,2,10,grrwar1,32.0271875
2774,176250.wav,5,10,grrwar1,28.0988125
2775,170897.wav,2,10,grrwar1,52.635
2776,164030.wav,5,10,grrwar1,18.9985625
2777,152778.wav,4,10,grrwar1,77.4791875
2778,148553.wav,2,10,grrwar1,45.7690625
2779,137496.wav,4,10,grrwar1,31.6081875
2780,136096.wav,4,10,grrwar1,56.0665625
2781,135436.wav,1,10,grrwar1,73.607625
2782,133684.wav,3,10,grrwar1,6.2105625
2783,133683.wav,3,10,grrwar1,25.2865625
2784,120500.wav,2,10,grrwar1,89.661375
2785,106398.wav,2,10,grrwar1,135.967375
2786,103578.wav,2,10,grrwar1,117.4988125
2787,103439.wav,1,10-17,grrwar1,184.555125
2788,102071.wav,2,10,grrwar1,45.3485625
2789,100816.wav,5,10,grrwar1,177.408
2790,100323.wav,3,10-17-16,grrwar1,32.3801875
2791,84313.wav,2,10,grrwar1,40.056
2792,81904.wav,4,10-17,grrwar1,40.1763125
2793,77815.wav,3,10-17,grrwar1,149.6555
2794,77639.wav,3,10,grrwar1,16.0391875
2795,77638.wav,3,10,grrwar1,8.5159375
2796,77637.wav,5,10,grrwar1,19.8530625
2797,70881.wav,5,10,grrwar1,38.1649375
2798,57870.wav,2,10,grrwar1,14.34125
2799,53686.wav,4,10,grrwar1,25.991875
2800,50484.wav,1,10,grrwar1,74.0049375
2801,37942.wav,2,10-16,grrwar1,66.3249375
2802,36379.wav,1,10,grrwar1,49.032
2803,33842.wav,4,10,grrwar1,45.035125
2804,29710.wav,2,10,grrwar1,53.4
2805,29165.wav,1,10,grrwar1,18.5730625
2806,25442.wav,2,10,grrwar1,78.6285625
2807,25439.wav,5,10,grrwar1,73.7175625
2808,24963.wav,1,10-10,grrwar1,33.3845
2809,694497.wav,2,10,grrwar1,26.649
2810,674505.wav,1,10,grrwar1,88.9991875
2811,668303.wav,1,10,grrwar1,109.787
2812,665327.wav,5,10,grrwar1,62.798375
2813,662849.wav,3,10,grrwar1,15.4893125
2814,661344.wav,2,10,grrwar1,270.552
2815,652655.wav,3,10,grrwar1,25.3496875
2816,652415.wav,1,10-16,grrwar1,42.936
2817,648002.wav,5,10,grrwar1,103.298375
2818,647999.wav,3,10,grrwar1,84.7100625
2819,637895.wav,1,10,grrwar1,103.752
2820,610709.wav,4,10,grrwar1,20.175625
2821,570078.wav,3,10,grrwar1,56.53575
2822,568683.wav,3,10,grrwar1,136.5783125
2823,567144.wav,2,10,grrwar1,13.1135
2824,566755.wav,3,10,grrwar1,45.7785625
2825,564466.wav,5,10,grrwar1,1.369
2826,563014.wav,5,10,grrwar1,60.588375
2827,562905.wav,1,10,grrwar1,57.432
2828,562040.wav,2,10,grrwar1,38.0146875
2829,561796.wav,4,10,grrwar1,82.7500625
2830,561037.wav,5,10,grrwar1,96.718375
2831,555683.wav,2,10,grrwar1,21.3106875
2832,549619.wav,2,10,grrwar1,26.9013125
2833,526084.wav,5,10,grrwar1,12.888
2834,524528.wav,5,10,grrwar1,14.156
2835,518804.wav,5,10,grrwar1,19.2050625
2836,489905.wav,5,10-16,grrwar1,37.820875
2837,483797.wav,2,10,grrwar1,27.12
2838,483796.wav,5,10,grrwar1,17.52
2839,480991.wav,4,10,grrwar1,15.0726875
2840,480235.wav,4,10-17,grrwar1,51.3706875
2841,478497.wav,5,10,grrwar1,34.1565625
2842,477908.wav,2,10-17,grrwar1,31.9338125
2843,473397.wav,5,10,grrwar1,45.5801875
2844,473393.wav,1,10,grrwar1,43.388375
2845,457406.wav,1,10-16,grrwar1,35.860625
2846,431804.wav,3,10,grrwar1,58.3575625
2847,431803.wav,2,10,grrwar1,114.4685625
2848,421111.wav,4,10,grrwar1,95.007375
2849,418744.wav,5,10,grrwar1,37.859875
2850,417291.wav,3,10,grrwar1,43.0759375
2851,416386.wav,3,10,grrwar1,32.9926875
2852,416208.wav,5,10,grrwar1,27.6636875
2853,416207.wav,4,10,grrwar1,25.939625
2854,415628.wav,5,10,grrwar1,8.5681875
2855,414527.wav,4,10,grrwar1,22.6743125
2856,409129.wav,2,10,grrwar1,22.533375
2857,376574.wav,2,10,grrwar1,16.69225
2858,373151.wav,4,10,grrwar1,36.6236875
2859,373143.wav,4,10,grrwar1,7.2620625
2860,372108.wav,3,10,grrwar1,28.081625
2861,368204.wav,1,10,grrwar1,15.9346875
2862,340562.wav,4,10,grrwar1,91.795375
2863,333365.wav,3,10,grrwar1,11.2065625
2864,328584.wav,3,10,grrwar1,13.5836875
2865,318036.wav,2,10,grrwar1,41.11675
2866,316460.wav,2,10,grrwar1,17.472
2867,309385.wav,1,10,grrwar1,50.4
2868,307007.wav,4,10,grrwar1,39.8091875
2869,302948.wav,5,10,grrwar1,38.928
2870,280857.wav,3,10,grrwar1,166.8963125
2871,279759.wav,2,10,grrwar1,36.049
2872,243950.wav,5,10,grrwar1,81.750375
2873,241968.wav,5,10,grrwar1,31.6084375
2874,240268.wav,2,10,grrwar1,65.306125
2875,208340.wav,5,10,grrwar1,16.746625
2876,208339.wav,1,10,grrwar1,12.19375
2877,208314.wav,5,10,grrwar1,27.3415
2878,208313.wav,2,10,grrwar1,13.2526875
2879,187378.wav,3,10,grrwar1,31.3016875
2880,187084.wav,3,10,grrwar1,14.4729375
2881,182277.wav,1,10,grrwar1,179.14775
2882,181385.wav,1,10,grrwar1,22.909375
2883,180964.wav,4,10,grrwar1,68.8588125
2884,180963.wav,5,10,grrwar1,45.009
2885,180962.wav,1,10,grrwar1,34.899625
2886,180961.wav,5,10,grrwar1,59.8988125
2887,180960.wav,5,10,grrwar1,85.58875
2888,180959.wav,1,10,grrwar1,28.00325
2889,180958.wav,1,10,grrwar1,175.26425
2890,180173.wav,2,10,grrwar1,75.239125
2891,178958.wav,4,10,grrwar1,129.241
2892,178863.wav,2,10,grrwar1,75.913
2893,178688.wav,1,10,grrwar1,250.273
2894,178687.wav,4,10,grrwar1,250.585
2895,178686.wav,1,10,grrwar1,251.593
2896,178685.wav,1,10,grrwar1,250.657
2897,178684.wav,4,10,grrwar1,251.161
2898,178683.wav,5,10,grrwar1,251.161
2899,177952.wav,5,10,grrwar1,30.4933125
2900,177280.wav,2,10,grrwar1,33.2134375
2901,162399.wav,3,10,grrwar1,15.048
2902,147908.wav,4,10,grrwar1,50.7820625
2903,147907.wav,4,10,grrwar1,76.0946875
2904,147906.wav,2,10,grrwar1,30.537125
2905,133461.wav,3,10,grrwar1,2.951875
2906,90984.wav,4,10,grrwar1,99.393125
2907,81902.wav,3,10-17,grrwar1,79.41225
2908,74564.wav,5,10,grrwar1,120.555125
2909,71359.wav,4,10,grrwar1,44.617125
2910,50483.wav,2,10,grrwar1,83.6440625
2911,50482.wav,2,10,grrwar1,59.4024375
2912,41450.wav,4,10,grrwar1,38.609
2913,29166.wav,2,10-17,grrwar1,39.94125
2914,22697.wav,2,10,grrwar1,16.79675
2915,699182.wav,3,10,grrwar1,20.6683125
2916,652471.wav,3,10,grrwar1,12.0
2917,647240.wav,3,10,grrwar1,2.424
2918,629219.wav,3,10,grrwar1,41.993625
2919,571894.wav,1,10,grrwar1,18.384
2920,569250.wav,5,10,grrwar1,8.2575
2921,569227.wav,5,10,grrwar1,3.476875
2922,566446.wav,2,10,grrwar1,2.932625
2923,552261.wav,5,10,grrwar1,20.4146875
2924,482975.wav,1,10-17-16,grrwar1,110.544
2925,413584.wav,1,10,grrwar1,31.90425
2926,368405.wav,4,10,grrwar1,56.9138125
2927,318298.wav,4,10,grrwar1,170.9714375
2928,318037.wav,2,10,grrwar1,31.2685625
2929,318035.wav,3,10,grrwar1,74.057125
2930,316679.wav,1,10,grrwar1,158.122625
2931,208338.wav,1,10,grrwar1,12.609875
2932,187083.wav,2,10,grrwar1,15.5700625
2933,179008.wav,4,10,grrwar1,201.5956875
2934,178700.wav,3,10,grrwar1,251.113
2935,178699.wav,3,10,grrwar1,251.113
2936,178698.wav,4,10,grrwar1,250.801
2937,178697.wav,5,10,grrwar1,251.209
2938,178696.wav,2,10,grrwar1,250.801
2939,178695.wav,4,10,grrwar1,250.177
2940,178694.wav,2,10,grrwar1,251.137
2941,178693.wav,4,10,grrwar1,249.913
2942,138832.wav,3,10,grrwar1,197.0155
2943,75800.wav,3,10,grrwar1,5.59025
2944,633272.wav,1,10,grrwar1,76.3134375
2945,563554.wav,3,10,grrwar1,71.856
2946,558386.wav,2,10,grrwar1,116.0
2947,558018.wav,2,10,grrwar1,78.7069375
2948,544831.wav,4,10,grrwar1,85.0153125
2949,462286.wav,1,10,grrwar1,14.089625
2950,417095.wav,5,10,grrwar1,4.6639375
2951,176548.wav,2,10,grrwar1,48.3788125
2952,539543.wav,3,11,afrwar1,13.08
2953,648699.wav,1,11,afrwar1,15.2555
2954,648697.wav,3,11,afrwar1,22.2824375
2955,648696.wav,5,11,afrwar1,16.90125
2956,648695.wav,5,11,afrwar1,14.7069375
2957,505261.wav,3,11,afrwar1,25.838375
2958,493212.wav,5,11,afrwar1,32.3711875
2959,488497.wav,2,11,afrwar1,119.4
2960,470419.wav,2,11,afrwar1,40.023375
2961,451164.wav,1,11,afrwar1,32.8265
2962,431998.wav,4,11,afrwar1,56.223
2963,395149.wav,4,11,afrwar1,231.373875
2964,392274.wav,5,11,afrwar1,73.038375
2965,392273.wav,1,11,afrwar1,95.7126875
2966,386560.wav,2,11,afrwar1,24.7836875
2967,385381.wav,3,11,afrwar1,206.367375
2968,307309.wav,3,11,afrwar1,86.4
2969,291435.wav,4,11,afrwar1,201.378
2970,279765.wav,1,11,afrwar1,39.3665625
2971,279764.wav,3,11,afrwar1,32.5485625
2972,278116.wav,5,11,afrwar1,44.131125
2973,263299.wav,1,11-10,afrwar1,571.248
2974,195734.wav,3,11,afrwar1,110.19775
2975,141522.wav,5,11,afrwar1,116.808
2976,134484.wav,2,11,afrwar1,27.1283125
2977,62302.wav,5,11,afrwar1,27.062875
2978,57521.wav,1,11,afrwar1,19.9314375
2979,41448.wav,1,11,afrwar1,22.6220625
2980,686117.wav,1,11,afrwar1,57.29375
2981,686116.wav,4,11,afrwar1,149.995125
2982,676669.wav,2,11,afrwar1,46.8680625
2983,657066.wav,1,11,afrwar1,36.049
2984,622802.wav,3,11,afrwar1,26.677
2985,603818.wav,3,11,afrwar1,11.7721875
2986,602588.wav,1,11,afrwar1,17.164625
2987,599450.wav,2,11,afrwar1,111.0178125
2988,597775.wav,2,11,afrwar1,151.09225
2989,594130.wav,1,11,afrwar1,20.94525
2990,517389.wav,3,11,afrwar1,34.44
2991,512026.wav,1,11,afrwar1,21.529
2992,505933.wav,3,11,afrwar1,44.3071875
2993,470385.wav,2,11,afrwar1,29.9773125
2994,469717.wav,1,11,afrwar1,257.201625
2995,467755.wav,2,11,afrwar1,36.049
2996,453372.wav,2,11,afrwar1,12.0946875
2997,441017.wav,4,11,afrwar1,351.7126875
2998,439718.wav,1,11,afrwar1,52.297125
2999,439715.wav,4,11,afrwar1,64.42825
3000,437437.wav,2,11,afrwar1,113.5591875
3001,432684.wav,3,11,afrwar1,29.256
3002,432681.wav,1,11,afrwar1,28.44
3003,432472.wav,1,11,afrwar1,29.544
3004,432471.wav,5,11,afrwar1,28.104
3005,432469.wav,5,11,afrwar1,27.744
3006,416698.wav,1,11,afrwar1,25.2865625
3007,392272.wav,1,11,afrwar1,25.573875
3008,390502.wav,4,11,afrwar1,109.510125
3009,386943.wav,3,11,afrwar1,40.3184375
3010,376187.wav,5,11,afrwar1,20.03
3011,338900.wav,5,11,afrwar1,55.5363125
3012,324346.wav,4,11,afrwar1,30.292
3013,321001.wav,4,11,afrwar1,283.872
3014,314379.wav,4,11,afrwar1,355.2130625
3015,279766.wav,1,11,afrwar1,16.431
3016,277324.wav,2,11,afrwar1,26.904
3017,200488.wav,1,11,afrwar1,31.033
3018,194280.wav,5,11,afrwar1,34.1154375
3019,194279.wav,5,11,afrwar1,19.963
3020,188265.wav,4,11,afrwar1,206.688
3021,187216.wav,2,11,afrwar1,88.9855625
3022,185979.wav,4,11,afrwar1,27.26025
3023,185775.wav,5,11,afrwar1,548.712
3024,165509.wav,5,11,afrwar1,65.410625
3025,129672.wav,2,11,afrwar1,54.88325
3026,125961.wav,2,11,afrwar1,4.075125
3027,125959.wav,3,11,afrwar1,19.0955
3028,125958.wav,5,11,afrwar1,16.1698125
3029,94673.wav,2,11,afrwar1,26.4521875
3030,94672.wav,5,11,afrwar1,21.0279375
3031,93911.wav,3,11,afrwar1,8.309625
3032,41447.wav,4,11,afrwar1,35.0563125
3033,18416.wav,3,11,afrwar1,21.0285625
3034,680743.wav,4,11,afrwar1,17.621
3035,613489.wav,3,11,afrwar1,32.303625
3036,599099.wav,1,11,afrwar1,31.0694375
3037,527834.wav,4,11,afrwar1,17.4759375
3038,517379.wav,4,11,afrwar1,7.582
3039,500520.wav,3,11,afrwar1,8.029125
3040,445466.wav,5,11,afrwar1,32.0396875
3041,444775.wav,1,11,afrwar1,52.271
3042,434957.wav,3,11-8,afrwar1,13.7025
3043,432726.wav,2,11,afrwar1,51.816
3044,432682.wav,5,11,afrwar1,24.24
3045,432680.wav,5,11,afrwar1,56.088
3046,418821.wav,1,11,afrwar1,51.553
3047,418820.wav,1,11,afrwar1,65.089
3048,410288.wav,5,11,afrwar1,82.8343125
3049,392271.wav,4,11,afrwar1,37.6424375
3050,358232.wav,3,11,afrwar1,17.062625
3051,301571.wav,5,11,afrwar1,478.4065625
3052,301570.wav,4,11,afrwar1,475.5330625
3053,299347.wav,4,11,afrwar1,432.561625
3054,299346.wav,2,11,afrwar1,424.6204375
3055,298697.wav,5,11,afrwar1,30.955125
3056,284552.wav,5,11,afrwar1,54.831
3057,284551.wav,2,11,afrwar1,68.3101875
3058,284550.wav,5,11,afrwar1,121.7045
3059,276719.wav,4,11,afrwar1,174.3935
3060,269529.wav,3,11,afrwar1,114.311875
3061,269528.wav,4,11,afrwar1,94.6155
3062,269527.wav,5,11,afrwar1,22.3869375
3063,268848.wav,3,11,afrwar1,195.1085625
3064,253587.wav,5,11,afrwar1,97.046
3065,195761.wav,2,11,afrwar1,35.2648125
3066,179524.wav,1,11,afrwar1,27.115125
3067,179011.wav,4,11,afrwar1,43.189125
3068,178474.wav,5,11,afrwar1,79.151
3069,167208.wav,4,11,afrwar1,28.4735
3070,138737.wav,5,11,afrwar1,31.2685625
3071,125960.wav,2,11,afrwar1,6.5045
3072,58514.wav,2,11,afrwar1,25.75675
3073,43388.wav,1,11,afrwar1,36.20575
3074,467626.wav,1,11,afrwar1,31.44
3075,451165.wav,4,11,afrwar1,24.348125
3076,420406.wav,1,11,afrwar1,158.9760625
3077,420403.wav,5,11,afrwar1,88.53875
3078,408370.wav,4,11,afrwar1,20.441375
3079,179523.wav,4,11,afrwar1,63.111875
3080,179012.wav,4,11,afrwar1,166.9050625
3081,179010.wav,2,11,afrwar1,227.99675
3082,179009.wav,1,11,afrwar1,16.822875
3083,75875.wav,2,11,afrwar1,16.64
3084,75393.wav,2,11,afrwar1,17.5804375
3085,540430.wav,5,11,afrwar1,25.4490625
3086,410450.wav,3,11,afrwar1,60.9175625
3087,276720.wav,2,11,afrwar1,45.897125
3088,692994.wav,2,12,blrwar1,37.419
3089,692993.wav,4,12,blrwar1,32.54
3090,692992.wav,2,12,blrwar1,85.394
3091,692991.wav,4,12,blrwar1,34.883
3092,688674.wav,2,12,blrwar1,108.469625
3093,667081.wav,4,12,blrwar1,15.0726875
3094,661899.wav,2,12,blrwar1,30.384
3095,661543.wav,4,12,blrwar1,366.1915
3096,660396.wav,2,12,blrwar1,662.208
3097,660355.wav,4,12,blrwar1,58.2258125
3098,660353.wav,5,12,blrwar1,47.1079375
3099,660344.wav,3,12,blrwar1,173.769375
3100,660162.wav,5,12,blrwar1,1468.8943125
3101,660159.wav,1,12,blrwar1,2409.48825
3102,660158.wav,3,12,blrwar1,1591.542125
3103,660156.wav,4,12,blrwar1,1698.4468125
3104,660074.wav,4,12,blrwar1,3018.687
3105,660072.wav,3,12,blrwar1,1693.384875
3106,660071.wav,5,12,blrwar1,724.416125
3107,659759.wav,1,12,blrwar1,49.4795
3108,659667.wav,2,12,blrwar1,65.071
3109,659536.wav,5,12,blrwar1,422.7096875
3110,659139.wav,2,12,blrwar1,26.0973125
3111,659138.wav,5,12,blrwar1,13.3713125
3112,659137.wav,3,12,blrwar1,14.3750625
3113,659136.wav,3,12,blrwar1,29.9330625
3114,659135.wav,2,12,blrwar1,21.1185625
3115,659134.wav,3,12,blrwar1,40.38275
3116,659133.wav,2,12,blrwar1,30.0226875
3117,659132.wav,3,12,blrwar1,15.27125
3118,659131.wav,1,12,blrwar1,53.4135
3119,659130.wav,2,12,blrwar1,23.4445625
3120,659129.wav,1,12,blrwar1,15.002375
3121,659128.wav,5,12,blrwar1,74.1515
3122,659127.wav,1,12,blrwar1,13.3354375
3123,659126.wav,5,12,blrwar1,32.83675
3124,659125.wav,1,12,blrwar1,57.35675
3125,659123.wav,2,12,blrwar1,15.360875
3126,659121.wav,3,12,blrwar1,43.6090625
3127,659120.wav,1,12,blrwar1,24.6275625
3128,659119.wav,4,12,blrwar1,34.432
3129,659118.wav,4,12,blrwar1,44.3439375
3130,659117.wav,2,12,blrwar1,28.535
3131,659116.wav,3,12,blrwar1,32.4065625
3132,659115.wav,2,12,blrwar1,30.094375
3133,659114.wav,5,12,blrwar1,46.27975
3134,659113.wav,2,12,blrwar1,22.7993125
3135,659112.wav,4,12,blrwar1,6.539375
3136,659111.wav,5,12,blrwar1,10.7624375
3137,659110.wav,5,12,blrwar1,29.4603125
3138,659109.wav,1,12,blrwar1,16.1253125
3139,659108.wav,1,12,blrwar1,67.325625
3140,659107.wav,5,12,blrwar1,109.9305625
3141,659106.wav,2,12,blrwar1,26.498875
3142,659105.wav,4,12,blrwar1,42.7953125
3143,659104.wav,4,12,blrwar1,33.6200625
3144,659103.wav,3,12,blrwar1,57.1231875
3145,659102.wav,5,12,blrwar1,25.975375
3146,659101.wav,5,12,blrwar1,33.089375
3147,659100.wav,1,12,blrwar1,56.1475
3148,659098.wav,4,12,blrwar1,22.9554375
3149,659097.wav,3,12,blrwar1,14.2594375
3150,659096.wav,3,12,blrwar1,18.5731875
3151,659094.wav,3,12,blrwar1,26.807
3152,659093.wav,4,12,blrwar1,15.1838125
3153,659092.wav,2,12,blrwar1,20.524625
3154,659091.wav,3,12,blrwar1,13.3350625
3155,659089.wav,1,12,blrwar1,15.081125
3156,659088.wav,4,12,blrwar1,23.4005
3157,659087.wav,2,12,blrwar1,40.3474375
3158,659086.wav,1,12,blrwar1,20.2160625
3159,659085.wav,1,12,blrwar1,50.002125
3160,659084.wav,3,12,blrwar1,23.5716875
3161,659083.wav,3,12,blrwar1,15.594625
3162,659082.wav,5,12,blrwar1,14.410875
3163,659080.wav,5,12,blrwar1,24.102375
3164,659079.wav,1,12,blrwar1,21.7914375
3165,659078.wav,4,12,blrwar1,36.136375
3166,659077.wav,5,12,blrwar1,48.7619375
3167,659076.wav,1,12,blrwar1,13.2836875
3168,659075.wav,5,12,blrwar1,21.466125
3169,659074.wav,5,12,blrwar1,17.5974375
3170,659073.wav,3,12,blrwar1,29.7684375
3171,659072.wav,2,12,blrwar1,58.1915
3172,659071.wav,5,12,blrwar1,22.6473125
3173,659070.wav,2,12,blrwar1,55.0196875
3174,659069.wav,1,12,blrwar1,33.0563125
3175,659068.wav,3,12,blrwar1,27.5944375
3176,659067.wav,1,12,blrwar1,27.6688125
3177,659066.wav,1,12,blrwar1,19.1578125
3178,659065.wav,4,12,blrwar1,18.093875
3179,659064.wav,1,12,blrwar1,47.043625
3180,659063.wav,2,12,blrwar1,35.085375
3181,659062.wav,1,12,blrwar1,25.280625
3182,659060.wav,2,12,blrwar1,35.573
3183,659059.wav,5,12,blrwar1,64.924125
3184,659058.wav,1,12,blrwar1,30.6196875
3185,659057.wav,1,12,blrwar1,100.189625
3186,658671.wav,1,12,blrwar1,55.5278125
3187,658589.wav,5,12,blrwar1,15.7806875
3188,658588.wav,3,12,blrwar1,34.0724375
3189,658587.wav,4,12,blrwar1,21.5945625
3190,658586.wav,4,12,blrwar1,12.1208125
3191,658348.wav,5,12-15,blrwar1,144.092625
3192,658340.wav,5,12,blrwar1,67.0824375
3193,658088.wav,4,12,blrwar1,58.5173125
3194,658066.wav,3,12,blrwar1,968.909
3195,657564.wav,3,12,blrwar1,92.0555
3196,657563.wav,1,12,blrwar1,34.795125
3197,657562.wav,1,12,blrwar1,47.751875
3198,657397.wav,3,12-15-12,blrwar1,182.016
3199,657142.wav,2,12,blrwar1,205.183625
3200,656466.wav,1,12,blrwar1,62.0755625
3201,656465.wav,1,12,blrwar1,90.3295
3202,656452.wav,4,12,blrwar1,566.547
3203,656448.wav,4,12,blrwar1,134.829625
3204,656447.wav,1,12,blrwar1,167.7170625
3205,656265.wav,5,12,blrwar1,92.7300625
3206,656264.wav,2,12,blrwar1,78.2746875
3207,656263.wav,1,12-15,blrwar1,94.369375
3208,656148.wav,1,12,blrwar1,338.006625
3209,655922.wav,5,12,blrwar1,346.0906875
3210,655703.wav,3,12,blrwar1,182.308625
3211,655546.wav,1,12-15,blrwar1,111.0018125
3212,655545.wav,4,12,blrwar1,2.9489375
3213,655480.wav,5,12,blrwar1,244.0336875
3214,655383.wav,1,12,blrwar1,126.4093125
3215,655340.wav,4,12,blrwar1,95.82875
3216,655253.wav,1,12,blrwar1,252.9698125
3217,655232.wav,5,12,blrwar1,42.313
3218,655231.wav,2,12,blrwar1,126.32275
3219,655221.wav,4,12,blrwar1,44.640875
3220,655203.wav,4,12,blrwar1,84.0359375
3221,654976.wav,4,12,blrwar1,49.59825
3222,654964.wav,4,12,blrwar1,71.8293125
3223,654942.wav,1,12,blrwar1,212.7146875
3224,654811.wav,1,12,blrwar1,601.008
3225,654623.wav,5,12,blrwar1,84.696
3226,654621.wav,4,12,blrwar1,225.336
3227,654620.wav,3,12,blrwar1,264.936
3228,654619.wav,1,12,blrwar1,662.232
3229,654617.wav,4,12,blrwar1,214.416
3230,654616.wav,2,12,blrwar1,56.04
3231,654614.wav,4,12,blrwar1,30.096
3232,654516.wav,3,12,blrwar1,160.418
3233,654515.wav,3,12,blrwar1,67.301
3234,654497.wav,1,12-15,blrwar1,137.679875
3235,654475.wav,4,12-17,blrwar1,422.213
3236,654212.wav,3,12,blrwar1,69.397
3237,654181.wav,4,12,blrwar1,407.4460625
3238,654027.wav,1,12,blrwar1,183.066125
3239,653968.wav,4,12,blrwar1,68.878125
3240,653930.wav,4,12,blrwar1,53.550875
3241,653926.wav,1,12,blrwar1,71.112
3242,653925.wav,1,12,blrwar1,46.104
3243,653924.wav,3,12,blrwar1,42.552
3244,653814.wav,3,12,blrwar1,61.32125
3245,653813.wav,4,12,blrwar1,28.1175625
3246,653812.wav,1,12,blrwar1,16.1914375
3247,653811.wav,2,12,blrwar1,41.7133125
3248,653810.wav,4,12,blrwar1,104.079875
3249,653809.wav,4,12,blrwar1,20.44275
3250,653808.wav,3,12,blrwar1,12.4171875
3251,653806.wav,1,12,blrwar1,22.561375
3252,653805.wav,5,12,blrwar1,11.99625
3253,653804.wav,4,12,blrwar1,11.1614375
3254,653630.wav,5,12,blrwar1,79.715
3255,653540.wav,2,12-16,blrwar1,70.321625
3256,653539.wav,4,12-16,blrwar1,87.327375
3257,636803.wav,4,12,blrwar1,31.8818125
3258,636800.wav,5,12,blrwar1,29.3604375
3259,635745.wav,5,12,blrwar1,82.819
3260,630498.wav,2,12-17,blrwar1,42.352875
3261,621304.wav,4,12,blrwar1,74.314375
3262,614074.wav,3,12-12,blrwar1,56.26775
3263,614071.wav,4,12-12,blrwar1,84.558375
3264,611503.wav,3,12,blrwar1,137.22125
3265,611502.wav,5,12,blrwar1,68.4669375
3266,611501.wav,5,12,blrwar1,172.74775
3267,611500.wav,5,12,blrwar1,14.8375625
3268,606963.wav,4,12,blrwar1,57.2811875
3269,604028.wav,3,12,blrwar1,26.9845
3270,603617.wav,1,12,blrwar1,31.032
3271,603616.wav,4,12,blrwar1,416.568
3272,603614.wav,3,12,blrwar1,141.552
3273,603613.wav,2,12,blrwar1,51.528
3274,603612.wav,3,12,blrwar1,157.032
3275,603610.wav,3,12,blrwar1,85.56
3276,601878.wav,4,12,blrwar1,14.044
3277,601877.wav,1,12,blrwar1,161.04
3278,601873.wav,4,12,blrwar1,100.896
3279,601872.wav,2,12,blrwar1,7.04
3280,601871.wav,5,12,blrwar1,6.528
3281,601870.wav,4,12,blrwar1,52.032
3282,601869.wav,1,12,blrwar1,48.024
3283,601868.wav,3,12,blrwar1,71.04
3284,601867.wav,4,12,blrwar1,66.024
3285,601866.wav,2,12,blrwar1,81.528
3286,601865.wav,1,12,blrwar1,69.48
3287,601864.wav,4,12,blrwar1,63.656
3288,597741.wav,1,12,blrwar1,50.472
3289,591492.wav,2,12,blrwar1,24.388875
3290,575636.wav,3,12,blrwar1,6414.624
3291,575241.wav,2,12,blrwar1,2.994
3292,574106.wav,1,12,blrwar1,152.4245
3293,573523.wav,3,12,blrwar1,70.9123125
3294,573431.wav,2,12,blrwar1,181.8699375
3295,573233.wav,5,12,blrwar1,245.3681875
3296,572902.wav,3,12,blrwar1,151.9020625
3297,572447.wav,4,12,blrwar1,2.3129375
3298,572385.wav,5,12,blrwar1,2245.2351875
3299,571224.wav,3,12,blrwar1,186.0129375
3300,570865.wav,5,12,blrwar1,3672.8484375
3301,570546.wav,3,12,blrwar1,188.8994375
3302,570489.wav,4,12,blrwar1,290.696875
3303,570120.wav,5,12,blrwar1,127.392
3304,569882.wav,2,12,blrwar1,68.3465625
3305,569652.wav,4,12,blrwar1,194.8
3306,569385.wav,2,12,blrwar1,1144.8866875
3307,569301.wav,2,12,blrwar1,185.808
3308,569054.wav,5,12-15,blrwar1,240.7253125
3309,568971.wav,1,12,blrwar1,231.456
3310,568893.wav,3,12,blrwar1,528.24
3311,568877.wav,3,12,blrwar1,62.63575
3312,568624.wav,3,12,blrwar1,915.7224375
3313,568493.wav,1,12,blrwar1,998.3873125
3314,568076.wav,1,12,blrwar1,600.048
3315,567215.wav,3,12,blrwar1,121.584
3316,566278.wav,5,12,blrwar1,230.4348125
3317,566234.wav,5,12,blrwar1,594.311875
3318,566108.wav,5,12,blrwar1,91.4526875
3319,566018.wav,3,12,blrwar1,61.231
3320,565329.wav,2,12,blrwar1,155.675125
3321,565231.wav,3,12,blrwar1,813.384
3322,564506.wav,5,12,blrwar1,693.029875
3323,564413.wav,5,12,blrwar1,96.765625
3324,564086.wav,2,12,blrwar1,123.5194375
3325,563698.wav,2,12,blrwar1,41.090625
3326,563550.wav,5,12,blrwar1,55.9020625
3327,563358.wav,5,12,blrwar1,995.616
3328,563160.wav,3,12,blrwar1,19.017625
3329,563156.wav,5,12,blrwar1,95.9484375
3330,563147.wav,2,12,blrwar1,39.5936875
3331,562700.wav,5,12,blrwar1,37.0986875
3332,562698.wav,2,12,blrwar1,81.216
3333,562299.wav,3,12,blrwar1,116.5075625
3334,561869.wav,5,12,blrwar1,58.3545
3335,560255.wav,4,12,blrwar1,348.7869375
3336,560252.wav,3,12,blrwar1,237.2963125
3337,560250.wav,4,12,blrwar1,87.249
3338,560248.wav,3,12,blrwar1,165.0155
3339,547511.wav,4,12,blrwar1,58.608
3340,535682.wav,4,12,blrwar1,18.501375
3341,528694.wav,5,12,blrwar1,158.367125
3342,519731.wav,3,12,blrwar1,157.466125
3343,519730.wav,1,12,blrwar1,85.786125
3344,508604.wav,5,12,blrwar1,25.7610625
3345,508602.wav,5,12-15,blrwar1,165.5158125
3346,507770.wav,3,12,blrwar1,31.817125
3347,507769.wav,5,12,blrwar1,58.853875
3348,507765.wav,3,12-15,blrwar1,43.78125
3349,507689.wav,5,12-15,blrwar1,36.312
3350,506494.wav,3,12,blrwar1,49.344
3351,506489.wav,2,12-12,blrwar1,25.44
3352,506432.wav,2,12-12,blrwar1,18.984
3353,506431.wav,3,12,blrwar1,33.48
3354,497740.wav,3,12,blrwar1,779.989
3355,495514.wav,4,12,blrwar1,6.864
3356,492408.wav,3,12,blrwar1,6.9485625
3357,492407.wav,3,12,blrwar1,16.3788125
3358,492405.wav,4,12,blrwar1,7.2359375
3359,488580.wav,4,12,blrwar1,25.1298125
3360,488579.wav,1,12,blrwar1,50.7559375
3361,485444.wav,2,12,blrwar1,21.888
3362,484461.wav,1,12,blrwar1,17.680625
3363,484189.wav,3,12,blrwar1,508.8130625
3364,482923.wav,2,12,blrwar1,102.3955
3365,481775.wav,5,12,blrwar1,855.1289375
3366,480952.wav,3,12,blrwar1,185.4
3367,480684.wav,4,12,blrwar1,312.384
3368,480406.wav,1,12,blrwar1,59.951
3369,479958.wav,4,12,blrwar1,139.0759375
3370,479934.wav,4,12,blrwar1,91.575125
3371,479930.wav,1,12,blrwar1,24.93
3372,478877.wav,4,12,blrwar1,216.3573125
3373,478642.wav,3,12,blrwar1,341.4988125
3374,478106.wav,1,12-17,blrwar1,401.688
3375,477690.wav,5,12,blrwar1,1280.7836875
3376,477200.wav,3,12,blrwar1,194.2465625
3377,477197.wav,1,12,blrwar1,631.222875
3378,477196.wav,4,12,blrwar1,302.9195
3379,477185.wav,1,12,blrwar1,68.7804375
3380,476804.wav,4,12,blrwar1,786.8343125
3381,472550.wav,1,12,blrwar1,43.67675
3382,446688.wav,2,12,blrwar1,253.231
3383,442763.wav,1,12,blrwar1,21.121
3384,442757.wav,2,12,blrwar1,44.689
3385,431301.wav,3,12,blrwar1,1037.856
3386,431300.wav,4,12,blrwar1,812.976
3387,425482.wav,1,12,blrwar1,1139.16
3388,424009.wav,3,12-16-15,blrwar1,306.72
3389,424008.wav,2,12-16-15,blrwar1,373.896
3390,423672.wav,4,12,blrwar1,11.28
3391,422405.wav,2,12,blrwar1,64.287375
3392,422335.wav,4,12,blrwar1,739.6695
3393,422010.wav,5,12-15,blrwar1,1310.136
3394,421766.wav,1,12,blrwar1,80.289375
3395,421651.wav,5,12,blrwar1,209.712
3396,421650.wav,5,12,blrwar1,104.016
3397,420990.wav,3,12,blrwar1,2281.32
3398,420666.wav,5,12,blrwar1,99.8995625
3399,420431.wav,3,12,blrwar1,190.0408125
3400,420082.wav,5,12,blrwar1,85.4465625
3401,419972.wav,5,12,blrwar1,256.824
3402,419839.wav,3,12,blrwar1,80.7065625
3403,419412.wav,1,12,blrwar1,1147.464
3404,419395.wav,3,12,blrwar1,273.0
3405,419064.wav,3,12,blrwar1,1086.216
3406,419063.wav,3,12,blrwar1,751.584
3407,418830.wav,2,12-15,blrwar1,71.549375
3408,418710.wav,3,12,blrwar1,52.0115
3409,417963.wav,5,12,blrwar1,111.9608125
3410,417472.wav,4,12,blrwar1,64.212375
3411,401937.wav,5,12,blrwar1,96.2786875
3412,397369.wav,5,12,blrwar1,170.064
3413,391853.wav,2,12,blrwar1,14.7221875
3414,387762.wav,4,12,blrwar1,415.5036875
3415,387761.wav,3,12,blrwar1,499.6963125
3416,387760.wav,3,12,blrwar1,531.9053125
3417,383094.wav,1,12,blrwar1,167.28
3418,377804.wav,4,12,blrwar1,273.7541875
3419,377803.wav,2,12,blrwar1,273.3405
3420,377788.wav,4,12,blrwar1,338.8705
3421,377002.wav,3,12,blrwar1,342.83825
3422,377001.wav,5,12,blrwar1,435.87875
3423,376504.wav,4,12,blrwar1,120.546625
3424,375991.wav,5,12,blrwar1,156.5388125
3425,375988.wav,4,12,blrwar1,80.30475
3426,374920.wav,3,12,blrwar1,37.6658125
3427,374378.wav,2,12,blrwar1,480.8881875
3428,373684.wav,4,12,blrwar1,913.5143125
3429,373105.wav,5,12,blrwar1,48.18025
3430,372442.wav,5,12,blrwar1,1046.808
3431,372440.wav,3,12,blrwar1,1104.552
3432,371878.wav,3,12-10,blrwar1,42.475125
3433,369025.wav,3,12,blrwar1,29.675125
3434,349890.wav,3,12,blrwar1,120.456
3435,347281.wav,5,12,blrwar1,13.513625
3436,347280.wav,4,12,blrwar1,44.438875
3437,345787.wav,3,12,blrwar1,575.424
3438,342810.wav,5,12,blrwar1,24.53825
3439,342332.wav,4,12,blrwar1,181.2125
3440,327894.wav,5,12,blrwar1,482.472
3441,327892.wav,1,12,blrwar1,300.552
3442,324831.wav,5,12,blrwar1,95.5820625
3443,321311.wav,1,12,blrwar1,216.728375
3444,321310.wav,1,12,blrwar1,643.600125
3445,320971.wav,3,12,blrwar1,281.81325
3446,320420.wav,3,12,blrwar1,282.038375
3447,319354.wav,3,12,blrwar1,34.896
3448,313296.wav,3,12,blrwar1,44.9578125
3449,311122.wav,1,12,blrwar1,61.9363125
3450,293292.wav,2,12,blrwar1,429.5665625
3451,277653.wav,2,12,blrwar1,88.1570625
3452,253996.wav,3,12-10,blrwar1,186.12
3453,253989.wav,4,12,blrwar1,209.952625
3454,252310.wav,3,12,blrwar1,222.77225
3455,251885.wav,1,12,blrwar1,655.1249375
3456,248908.wav,1,12,blrwar1,639.3964375
3457,247627.wav,1,12,blrwar1,66.847375
3458,247337.wav,1,12,blrwar1,62.72
3459,232979.wav,2,12-16,blrwar1,44.1730625
3460,225369.wav,1,12-16,blrwar1,53.629375
3461,223169.wav,4,12,blrwar1,27.062875
3462,214084.wav,1,12,blrwar1,128.8881875
3463,214083.wav,1,12-16,blrwar1,54.2824375
3464,214012.wav,5,12,blrwar1,21.817
3465,205002.wav,4,12,blrwar1,109.058625
3466,204998.wav,3,12,blrwar1,125.5945
3467,204996.wav,4,12,blrwar1,261.7610625
3468,192132.wav,5,12-15,blrwar1,296.688
3469,192131.wav,1,12-15,blrwar1,203.928
3470,185466.wav,3,12,blrwar1,180.621875
3471,185464.wav,3,12,blrwar1,102.9193125
3472,184501.wav,1,12-15,blrwar1,245.232
3473,183650.wav,4,12-15,blrwar1,198.864
3474,183647.wav,4,12-15,blrwar1,260.04
3475,183638.wav,4,12-15,blrwar1,228.312
3476,183626.wav,3,12-15,blrwar1,261.624
3477,182140.wav,2,12,blrwar1,143.352
3478,181941.wav,4,12,blrwar1,113.0691875
3479,181776.wav,4,12,blrwar1,79.7605625
3480,181772.wav,5,12,blrwar1,56.7890625
3481,181709.wav,2,12,blrwar1,86.5176875
3482,181527.wav,1,12,blrwar1,243.096
3483,181308.wav,2,12,blrwar1,64.391875
3484,181275.wav,3,12,blrwar1,288.576
3485,181093.wav,4,12,blrwar1,649.392
3486,180070.wav,3,12,blrwar1,67.9676875
3487,174327.wav,4,12,blrwar1,71.376
3488,158484.wav,1,12,blrwar1,54.9145
3489,158483.wav,4,12,blrwar1,101.887375
3490,155095.wav,5,12,blrwar1,531.6701875
3491,151362.wav,2,12,blrwar1,5.232
3492,151361.wav,1,12,blrwar1,27.336
3493,145116.wav,3,12,blrwar1,141.7143125
3494,141657.wav,1,12-15,blrwar1,120.864
3495,141039.wav,2,12,blrwar1,444.7726875
3496,141038.wav,1,12,blrwar1,455.9159375
3497,140598.wav,3,12,blrwar1,301.882625
3498,139178.wav,1,12,blrwar1,163.32
3499,139123.wav,5,12,blrwar1,64.3135
3500,139122.wav,4,12,blrwar1,89.573875
3501,138157.wav,4,12,blrwar1,531.8008125
3502,134922.wav,5,12,blrwar1,259.4481875
3503,134921.wav,5,12,blrwar1,270.289
3504,120472.wav,2,12,blrwar1,138.2991875
3505,120471.wav,1,12,blrwar1,115.7984375
3506,118223.wav,1,12,blrwar1,47.208
3507,116681.wav,4,12,blrwar1,28.21225
3508,113371.wav,3,12,blrwar1,144.048
3509,113358.wav,2,12,blrwar1,59.328
3510,113345.wav,3,12,blrwar1,159.84
3511,113344.wav,1,12,blrwar1,140.088
3512,113343.wav,1,12,blrwar1,141.672
3513,110293.wav,5,12,blrwar1,115.7485625
3514,108661.wav,4,12,blrwar1,125.9885625
3515,108500.wav,2,12,blrwar1,164.1535
3516,108498.wav,1,12,blrwar1,101.5640625
3517,104009.wav,2,12,blrwar1,113.352
3518,103667.wav,3,12,blrwar1,137.592
3519,103657.wav,2,12,blrwar1,177.048
3520,100332.wav,3,12,blrwar1,70.148125
3521,98673.wav,4,12,blrwar1,9.299625
3522,94215.wav,2,12,blrwar1,51.5135
3523,92104.wav,2,12,blrwar1,59.76
3524,90333.wav,5,12,blrwar1,17.97225
3525,84013.wav,2,12,blrwar1,179.6701875
3526,83714.wav,3,12,blrwar1,175.569
3527,83713.wav,2,12,blrwar1,184.0849375
3528,83712.wav,2,12,blrwar1,185.65225
3529,83711.wav,2,12,blrwar1,188.9436875
3530,83710.wav,1,12,blrwar1,59.4285625
3531,83623.wav,2,12,blrwar1,189.5445
3532,83622.wav,2,12,blrwar1,189.0481875
3533,83621.wav,1,12,blrwar1,179.8791875
3534,83151.wav,3,12,blrwar1,78.9420625
3535,81891.wav,3,12,blrwar1,182.151875
3536,81890.wav,5,12-16,blrwar1,256.7314375
3537,81489.wav,3,12,blrwar1,136.2808125
3538,79890.wav,2,12,blrwar1,180.2541875
3539,79888.wav,2,12,blrwar1,179.956125
3540,54602.wav,2,12,blrwar1,47.8040625
3541,54590.wav,2,12,blrwar1,30.1453125
3542,45288.wav,2,12,blrwar1,185.678375
3543,37917.wav,5,12,blrwar1,67.2391875
3544,37916.wav,3,12,blrwar1,50.07675
3545,36646.wav,3,12,blrwar1,231.52325
3546,36308.wav,5,12,blrwar1,45.7143125
3547,29646.wav,2,12,blrwar1,161.8024375
3548,26901.wav,5,12,blrwar1,280.111
3549,26900.wav,2,12,blrwar1,349.1526875
3550,26865.wav,2,12,blrwar1,298.527375
3551,26755.wav,4,12,blrwar1,186.749375
3552,26754.wav,1,12,blrwar1,153.9135
3553,26753.wav,3,12,blrwar1,152.189375
3554,19604.wav,1,12,blrwar1,16.0914375
3555,690699.wav,4,12,blrwar1,73.0203125
3556,688137.wav,4,12-16,blrwar1,90.3994375
3557,679689.wav,3,12,blrwar1,27.757
3558,666076.wav,2,12,blrwar1,29.392
3559,663462.wav,3,12,blrwar1,87.3865
3560,662889.wav,3,12,blrwar1,31.354
3561,662285.wav,3,12,blrwar1,303.9608125
3562,662006.wav,4,12,blrwar1,138.776375
3563,661761.wav,2,12,blrwar1,142.606
3564,661059.wav,1,12,blrwar1,841.0368125
3565,660691.wav,3,12,blrwar1,50.9226875
3566,660430.wav,2,12,blrwar1,306.624
3567,660429.wav,1,12,blrwar1,161.8346875
3568,660163.wav,3,12,blrwar1,1203.7456875
3569,660157.wav,2,12,blrwar1,1446.0226875
3570,660075.wav,1,12,blrwar1,5298.631125
3571,660070.wav,5,12,blrwar1,376.256125
3572,660044.wav,3,12,blrwar1,47.8795625
3573,660042.wav,5,12,blrwar1,201.890875
3574,659666.wav,1,12-12,blrwar1,86.2824375
3575,659665.wav,5,12-12,blrwar1,120.8685625
3576,659662.wav,1,12,blrwar1,21.4988125
3577,659661.wav,3,12,blrwar1,70.818
3578,659273.wav,1,12,blrwar1,288.027
3579,658799.wav,2,12,blrwar1,70.5886875
3580,658362.wav,1,12,blrwar1,46.27375
3581,658147.wav,3,12,blrwar1,603.8395625
3582,657907.wav,4,12,blrwar1,36.049
3583,657889.wav,4,12,blrwar1,122.033375
3584,657568.wav,2,12,blrwar1,65.462875
3585,657567.wav,1,12,blrwar1,31.817125
3586,657566.wav,4,12,blrwar1,99.6049375
3587,657261.wav,1,12,blrwar1,46.9454375
3588,657259.wav,5,12,blrwar1,24.5125625
3589,657258.wav,1,12,blrwar1,25.8214375
3590,657174.wav,5,12,blrwar1,195.2
3591,657160.wav,3,12,blrwar1,2345.208
3592,656445.wav,4,12,blrwar1,242.001
3593,656267.wav,4,12,blrwar1,87.7333125
3594,656266.wav,1,12,blrwar1,42.844375
3595,656165.wav,1,12,blrwar1,161.3075625
3596,656128.wav,1,12,blrwar1,136.495875
3597,655919.wav,5,12,blrwar1,359.53
3598,655636.wav,2,12,blrwar1,11.47225
3599,655586.wav,2,12,blrwar1,103.0269375
3600,655525.wav,4,12,blrwar1,203.014
3601,655431.wav,1,12,blrwar1,22.1054375
3602,655073.wav,3,12,blrwar1,42.378875
3603,654585.wav,5,12,blrwar1,115.316
3604,654568.wav,5,12,blrwar1,130.310375
3605,654565.wav,2,12,blrwar1,145.6355625
3606,653894.wav,4,12,blrwar1,11.481
3607,653893.wav,2,12,blrwar1,53.905
3608,653002.wav,4,12,blrwar1,63.8665
3609,653001.wav,3,12,blrwar1,29.10625
3610,652714.wav,1,12,blrwar1,597.568
3611,652110.wav,2,12,blrwar1,55.28675
3612,650740.wav,4,12,blrwar1,133.785125
3613,650739.wav,1,12,blrwar1,105.505
3614,650738.wav,3,12,blrwar1,98.1731875
3615,650737.wav,4,12,blrwar1,35.75875
3616,629306.wav,5,12-16,blrwar1,133.212875
3617,627484.wav,2,12,blrwar1,2.406
3618,625409.wav,2,12,blrwar1,101.9820625
3619,622187.wav,1,12,blrwar1,23.9049375
3620,621544.wav,3,12,blrwar1,60.9090625
3621,611648.wav,2,12,blrwar1,24.47675
3622,611492.wav,4,12,blrwar1,45.3333125
3623,611412.wav,4,12,blrwar1,22.563
3624,611411.wav,1,12,blrwar1,15.049125
3625,609276.wav,4,12,blrwar1,40.224
3626,609179.wav,2,12,blrwar1,28.752
3627,605981.wav,5,12,blrwar1,21.600875
3628,595698.wav,2,12,blrwar1,6.0688125
3629,595225.wav,5,12,blrwar1,13.139625
3630,590053.wav,5,12,blrwar1,90.88
3631,588629.wav,4,12,blrwar1,21.8804375
3632,588628.wav,2,12,blrwar1,29.742375
3633,588036.wav,4,12,blrwar1,104.9425
3634,588032.wav,2,12,blrwar1,35.577875
3635,588031.wav,4,12,blrwar1,136.2779375
3636,579363.wav,4,12-12,blrwar1,64.0593125
3637,579362.wav,4,12,blrwar1,80.624
3638,578296.wav,5,12,blrwar1,643.441
3639,578214.wav,2,12,blrwar1,25.354875
3640,575409.wav,2,12,blrwar1,35.614375
3641,575408.wav,1,12,blrwar1,23.1585
3642,575407.wav,5,12,blrwar1,123.7221875
3643,575245.wav,2,12,blrwar1,30.8259375
3644,575244.wav,4,12,blrwar1,0.649875
3645,575243.wav,2,12,blrwar1,0.9555
3646,575242.wav,3,12,blrwar1,5.7794375
3647,575240.wav,2,12,blrwar1,1.9675
3648,575239.wav,2,12,blrwar1,0.551625
3649,575235.wav,3,12,blrwar1,16.3780625
3650,575234.wav,5,12,blrwar1,25.168
3651,575233.wav,2,12,blrwar1,31.94125
3652,575232.wav,5,12,blrwar1,14.6525
3653,574960.wav,4,12,blrwar1,61.77525
3654,574767.wav,2,12,blrwar1,46.002125
3655,574716.wav,1,12,blrwar1,54.5436875
3656,574159.wav,4,12,blrwar1,51.431875
3657,573531.wav,1,12,blrwar1,380.136
3658,573526.wav,2,12,blrwar1,123.7973125
3659,573518.wav,2,12,blrwar1,151.7439375
3660,573517.wav,1,12,blrwar1,54.208
3661,573402.wav,3,12,blrwar1,20.84575
3662,572610.wav,3,12,blrwar1,101.8514375
3663,572587.wav,3,12,blrwar1,397.52175
3664,572563.wav,4,12,blrwar1,61.176
3665,572535.wav,4,12,blrwar1,74.624375
3666,572523.wav,2,12,blrwar1,18.3715625
3667,572522.wav,5,12,blrwar1,21.69325
3668,572131.wav,4,12,blrwar1,87.1253125
3669,571606.wav,5,12,blrwar1,40.835625
3670,571598.wav,4,12,blrwar1,46.2293125
3671,571596.wav,1,12,blrwar1,82.0053125
3672,571560.wav,3,12,blrwar1,1816.106375
3673,571262.wav,2,12,blrwar1,300.721625
3674,570964.wav,4,12,blrwar1,181.696125
3675,570834.wav,5,12,blrwar1,399.0826875
3676,570656.wav,1,12,blrwar1,152.4466875
3677,570553.wav,4,12,blrwar1,102.816
3678,570277.wav,5,12,blrwar1,83.25225
3679,570256.wav,1,12,blrwar1,81.5684375
3680,570213.wav,2,12,blrwar1,19.591875
3681,570201.wav,5,12,blrwar1,67.0040625
3682,570159.wav,3,12,blrwar1,49.841625
3683,570070.wav,3,12,blrwar1,136.896
3684,570069.wav,2,12,blrwar1,84.117375
3685,569636.wav,1,12,blrwar1,550.0081875
3686,569635.wav,1,12,blrwar1,418.769
3687,569510.wav,4,12,blrwar1,47.05225
3688,569430.wav,1,12,blrwar1,14.7309375
3689,569429.wav,3,12,blrwar1,38.258875
3690,569428.wav,4,12,blrwar1,14.4878125
3691,569092.wav,2,12,blrwar1,42.365
3692,569062.wav,2,12-15,blrwar1,180.3306875
3693,569050.wav,1,12-15,blrwar1,182.016
3694,568898.wav,1,12,blrwar1,98.0375625
3695,568759.wav,5,12,blrwar1,31.381375
3696,568657.wav,3,12,blrwar1,35.5004375
3697,568623.wav,1,12,blrwar1,239.952
3698,568544.wav,4,12-15,blrwar1,61.1816875
3699,568535.wav,4,12-15,blrwar1,44.501
3700,568464.wav,3,12,blrwar1,66.8786875
3701,568258.wav,4,12,blrwar1,170.7306875
3702,568123.wav,3,12,blrwar1,35.8558125
3703,568086.wav,3,12,blrwar1,8.4683125
3704,567862.wav,4,12,blrwar1,29.391625
3705,567838.wav,3,12,blrwar1,102.0743125
3706,567411.wav,2,12,blrwar1,43.337125
3707,567384.wav,3,12,blrwar1,77.558625
3708,567263.wav,2,12,blrwar1,90.669125
3709,567262.wav,1,12,blrwar1,25.4546875
3710,567220.wav,5,12,blrwar1,480.7575625
3711,567219.wav,4,12,blrwar1,321.1755
3712,567199.wav,4,12,blrwar1,94.850625
3713,567196.wav,2,12,blrwar1,74.7363125
3714,567193.wav,1,12,blrwar1,101.6685625
3715,567058.wav,4,12,blrwar1,15.9146875
3716,566732.wav,3,12,blrwar1,68.168375
3717,566684.wav,5,12,blrwar1,63.5733125
3718,566640.wav,3,12,blrwar1,17.27875
3719,566639.wav,1,12,blrwar1,30.808125
3720,566463.wav,1,12-16,blrwar1,48.01075
3721,566128.wav,5,12,blrwar1,49.998375
3722,566127.wav,1,12,blrwar1,15.51675
3723,566126.wav,5,12,blrwar1,81.76325
3724,566125.wav,1,12,blrwar1,38.530625
3725,566124.wav,4,12,blrwar1,107.807375
3726,566123.wav,5,12,blrwar1,90.671
3727,566122.wav,3,12,blrwar1,94.0669375
3728,566094.wav,2,12,blrwar1,38.0106875
3729,566015.wav,2,12,blrwar1,71.7845
3730,566012.wav,2,12,blrwar1,79.0726875
3731,566011.wav,3,12,blrwar1,104.071875
3732,565997.wav,4,12,blrwar1,3.912
3733,565996.wav,1,12,blrwar1,5.856
3734,565995.wav,3,12,blrwar1,42.96
3735,565993.wav,1,12,blrwar1,3.816
3736,565991.wav,2,12,blrwar1,112.032
3737,565985.wav,2,12,blrwar1,66.96
3738,565811.wav,1,12,blrwar1,103.3404375
3739,565737.wav,4,12,blrwar1,15.6758125
3740,565716.wav,3,12,blrwar1,64.32
3741,565684.wav,2,12,blrwar1,119.5579375
3742,565303.wav,1,12,blrwar1,228.7804375
3743,565153.wav,5,12-12-10,blrwar1,104.257625
3744,565149.wav,5,12-10,blrwar1,114.3815
3745,565142.wav,2,12-17-16,blrwar1,69.05475
3746,565117.wav,1,12,blrwar1,296.6116875
3747,565115.wav,5,12,blrwar1,186.4285625
3748,564640.wav,2,12,blrwar1,56.45675
3749,564302.wav,5,12,blrwar1,109.882875
3750,564187.wav,3,12,blrwar1,7.497125
3751,564175.wav,1,12,blrwar1,588.079
3752,563917.wav,3,12-17,blrwar1,324.0896875
3753,563833.wav,5,12,blrwar1,45.003625
3754,563361.wav,4,12,blrwar1,974.9349375
3755,563337.wav,1,12,blrwar1,2804.1461875
3756,563243.wav,3,12,blrwar1,19.46125
3757,563159.wav,1,12,blrwar1,23.1395625
3758,563158.wav,2,12,blrwar1,24.889125
3759,563058.wav,1,12,blrwar1,244.229
3760,562675.wav,2,12,blrwar1,54.8455625
3761,562674.wav,3,12,blrwar1,58.4564375
3762,562325.wav,4,12,blrwar1,31.7126875
3763,562324.wav,4,12,blrwar1,26.2008125
3764,562323.wav,4,12,blrwar1,15.490625
3765,562321.wav,1,12,blrwar1,15.229375
3766,547730.wav,5,12,blrwar1,23.952
3767,547727.wav,4,12,blrwar1,49.752
3768,547566.wav,1,12,blrwar1,93.048
3769,534447.wav,1,12,blrwar1,46.896
3770,514733.wav,1,12,blrwar1,30.9716875
3771,507691.wav,5,12,blrwar1,66.4555625
3772,506312.wav,3,12,blrwar1,37.550875
3773,505426.wav,4,12,blrwar1,12.1469375
3774,503987.wav,1,12,blrwar1,4.3449375
3775,503978.wav,1,12,blrwar1,35.5265625
3776,503974.wav,2,12,blrwar1,6.0081875
3777,496699.wav,4,12,blrwar1,737.9090625
3778,492508.wav,1,12,blrwar1,16.2481875
3779,492507.wav,5,12,blrwar1,10.0049375
3780,492506.wav,1,12,blrwar1,403.9836875
3781,492504.wav,1,12,blrwar1,48.4049375
3782,492503.wav,3,12,blrwar1,434.7036875
3783,490620.wav,4,12,blrwar1,130.899625
3784,484188.wav,1,12,blrwar1,363.807375
3785,482922.wav,1,12-15,blrwar1,131.75325
3786,481694.wav,1,12,blrwar1,259.75825
3787,481144.wav,3,12-15,blrwar1,60.052
3788,480609.wav,1,12,blrwar1,83.5761875
3789,480583.wav,4,12,blrwar1,60.756
3790,480512.wav,4,12,blrwar1,72.9146875
3791,480456.wav,5,12,blrwar1,204.068
3792,480057.wav,4,12,blrwar1,101.617375
3793,479913.wav,1,12,blrwar1,166.2051875
3794,479136.wav,4,12,blrwar1,131.5178125
3795,479088.wav,3,12,blrwar1,45.7506875
3796,479086.wav,5,12,blrwar1,49.3653125
3797,478485.wav,1,12,blrwar1,611.99675
3798,478477.wav,4,12,blrwar1,120.346125
3799,478413.wav,3,12,blrwar1,114.7838125
3800,478411.wav,5,12,blrwar1,77.8215625
3801,478395.wav,4,12,blrwar1,23.9165625
3802,478393.wav,2,12,blrwar1,29.5125625
3803,478392.wav,3,12,blrwar1,78.62275
3804,478390.wav,4,12,blrwar1,56.9585625
3805,477711.wav,3,12,blrwar1,67.0301875
3806,475543.wav,1,12,blrwar1,42.6185
3807,472552.wav,4,12,blrwar1,15.490625
3808,472551.wav,1,12,blrwar1,34.2204375
3809,472549.wav,2,12,blrwar1,49.86775
3810,472548.wav,2,12,blrwar1,22.7788125
3811,472547.wav,3,12,blrwar1,61.413875
3812,472546.wav,5,12,blrwar1,14.5763125
3813,466292.wav,4,12,blrwar1,23.6626875
3814,459290.wav,4,12,blrwar1,17.9464375
3815,453478.wav,4,12,blrwar1,71.296875
3816,453364.wav,1,12,blrwar1,69.967625
3817,444687.wav,1,12,blrwar1,17.532
3818,442339.wav,1,12,blrwar1,27.68525
3819,442338.wav,2,12,blrwar1,89.8784375
3820,434801.wav,4,12,blrwar1,24.3471875
3821,432085.wav,3,12,blrwar1,164.83725
3822,432083.wav,1,12-12,blrwar1,309.4755625
3823,431515.wav,1,12,blrwar1,5.4238125
3824,431513.wav,2,12,blrwar1,3.167625
3825,430728.wav,4,12,blrwar1,207.9740625
3826,425682.wav,2,12,blrwar1,75.925
3827,424455.wav,4,12,blrwar1,11.184
3828,423671.wav,1,12,blrwar1,52.008
3829,423670.wav,2,12,blrwar1,32.112
3830,423669.wav,1,12,blrwar1,31.056
3831,423382.wav,2,12,blrwar1,307.6701875
3832,422050.wav,4,12,blrwar1,95.0335
3833,420800.wav,5,12,blrwar1,134.321625
3834,420786.wav,3,12,blrwar1,48.561625
3835,420746.wav,1,12,blrwar1,328.3330625
3836,420683.wav,3,12,blrwar1,61.2156875
3837,419888.wav,2,12,blrwar1,318.1714375
3838,417232.wav,3,12,blrwar1,87.7453125
3839,416850.wav,1,12,blrwar1,63.05325
3840,402236.wav,3,12,blrwar1,21.4465625
3841,391803.wav,2,12,blrwar1,25.8993125
3842,387098.wav,1,12,blrwar1,24.0139375
3843,386697.wav,1,12,blrwar1,124.06425
3844,386538.wav,1,12,blrwar1,119.42025
3845,377726.wav,3,12,blrwar1,85.81225
3846,377663.wav,3,12,blrwar1,160.141
3847,377653.wav,4,12,blrwar1,66.3055625
3848,376503.wav,3,12,blrwar1,70.71525
3849,376442.wav,1,12,blrwar1,138.9605625
3850,376441.wav,1,12,blrwar1,149.1374375
3851,376092.wav,5,12,blrwar1,35.0845625
3852,375858.wav,4,12-10-16,blrwar1,35.7420625
3853,375555.wav,1,12,blrwar1,26.5665625
3854,375554.wav,4,12,blrwar1,37.38125
3855,375553.wav,5,12,blrwar1,48.0130625
3856,374803.wav,1,12,blrwar1,95.6343125
3857,373920.wav,5,12,blrwar1,69.7991875
3858,372098.wav,3,12,blrwar1,311.458
3859,372097.wav,5,12,blrwar1,35.1346875
3860,369024.wav,4,12,blrwar1,30.0408125
3861,369023.wav,5,12,blrwar1,10.8669375
3862,349317.wav,2,12,blrwar1,22.5436875
3863,348950.wav,4,12,blrwar1,13.035125
3864,343933.wav,1,12,blrwar1,39.8895625
3865,343189.wav,2,12-15,blrwar1,923.6636875
3866,343188.wav,4,12-15,blrwar1,751.30775
3867,342602.wav,1,12,blrwar1,46.3935
3868,342601.wav,1,12,blrwar1,12.617125
3869,342600.wav,4,12,blrwar1,48.822875
3870,342529.wav,1,12,blrwar1,51.9314375
3871,342308.wav,1,12,blrwar1,563.6451875
3872,342307.wav,1,12,blrwar1,330.6068125
3873,342306.wav,3,12,blrwar1,37.59125
3874,342305.wav,5,12,blrwar1,367.386125
3875,330966.wav,3,12,blrwar1,19.88025
3876,330965.wav,1,12,blrwar1,11.155375
3877,326510.wav,3,12,blrwar1,51.409
3878,324929.wav,3,12,blrwar1,68.112875
3879,323290.wav,1,12,blrwar1,57.078625
3880,322632.wav,3,12,blrwar1,59.102375
3881,322360.wav,3,12,blrwar1,14.952
3882,321513.wav,3,12,blrwar1,412.176
3883,320960.wav,1,12,blrwar1,16.166125
3884,319989.wav,4,12,blrwar1,439.5624375
3885,319977.wav,1,12,blrwar1,96.33275
3886,319734.wav,1,12,blrwar1,110.1354375
3887,319596.wav,3,12,blrwar1,645.8155
3888,318057.wav,3,12,blrwar1,115.330625
3889,318056.wav,3,12,blrwar1,332.1469375
3890,311124.wav,2,12,blrwar1,38.635125
3891,311123.wav,2,12,blrwar1,85.577125
3892,309524.wav,2,12,blrwar1,14.0248125
3893,308181.wav,1,12,blrwar1,7.049125
3894,306705.wav,3,12,blrwar1,11.352
3895,297377.wav,3,12,blrwar1,30.744
3896,293289.wav,4,12,blrwar1,183.2449375
3897,291253.wav,5,12,blrwar1,2191.0225625
3898,278017.wav,3,12,blrwar1,25.7045
3899,270127.wav,4,12,blrwar1,28.2645
3900,270114.wav,2,12,blrwar1,202.161625
3901,267363.wav,1,12,blrwar1,11.9796875
3902,256807.wav,4,12,blrwar1,130.056
3903,252910.wav,4,12,blrwar1,202.608
3904,252743.wav,1,12,blrwar1,389.472
3905,252742.wav,4,12,blrwar1,319.944
3906,252526.wav,2,12,blrwar1,67.1085625
3907,250297.wav,2,12,blrwar1,121.8255
3908,249229.wav,3,12,blrwar1,630.221
3909,248144.wav,3,12,blrwar1,38.618
3910,248038.wav,3,12,blrwar1,55.379625
3911,247738.wav,4,12,blrwar1,124.988875
3912,247643.wav,3,12,blrwar1,238.7600625
3913,234437.wav,4,12,blrwar1,43.253875
3914,210240.wav,2,12,blrwar1,7.8439375
3915,208322.wav,2,12,blrwar1,39.3430625
3916,207632.wav,4,12,blrwar1,15.950125
3917,199698.wav,2,12,blrwar1,118.44025
3918,199697.wav,3,12,blrwar1,216.3210625
3919,199300.wav,5,12,blrwar1,180.74125
3920,199244.wav,3,12,blrwar1,81.189625
3921,197754.wav,4,12,blrwar1,47.376
3922,194051.wav,2,12,blrwar1,62.250875
3923,194050.wav,2,12,blrwar1,98.4555
3924,188999.wav,5,12,blrwar1,21.192
3925,186549.wav,4,12,blrwar1,72.90775
3926,185703.wav,2,12,blrwar1,58.619875
3927,185683.wav,3,12,blrwar1,174.4990625
3928,185458.wav,2,12,blrwar1,152.3994375
3929,185455.wav,4,12,blrwar1,108.9045
3930,185454.wav,5,12,blrwar1,151.641875
3931,185453.wav,5,12,blrwar1,158.459875
3932,185002.wav,3,12,blrwar1,84.8206875
3933,185001.wav,2,12,blrwar1,64.4451875
3934,184750.wav,1,12,blrwar1,56.711875
3935,184748.wav,4,12,blrwar1,33.0188125
3936,184722.wav,5,12,blrwar1,30.7210625
3937,184721.wav,2,12,blrwar1,26.0963125
3938,184717.wav,3,12,blrwar1,109.4791875
3939,184125.wav,1,12,blrwar1,42.50125
3940,184116.wav,4,12,blrwar1,276.1926875
3941,184111.wav,5,12,blrwar1,179.01825
3942,183835.wav,4,12,blrwar1,124.0043125
3943,183832.wav,1,12,blrwar1,53.499875
3944,183829.wav,1,12,blrwar1,87.5363125
3945,183818.wav,2,12,blrwar1,24.0849375
3946,183816.wav,4,12,blrwar1,114.39125
3947,183814.wav,3,12,blrwar1,109.558625
3948,183813.wav,3,12,blrwar1,117.4215
3949,183766.wav,5,12,blrwar1,42.08325
3950,183765.wav,4,12-8,blrwar1,81.6588125
3951,183758.wav,3,12,blrwar1,55.344
3952,182597.wav,5,12,blrwar1,318.601
3953,182596.wav,2,12,blrwar1,62.2526875
3954,182274.wav,1,12,blrwar1,9.142875
3955,182139.wav,4,12,blrwar1,155.64
3956,182066.wav,5,12,blrwar1,6.6023125
3957,182065.wav,2,12,blrwar1,5.8746875
3958,181812.wav,1,12,blrwar1,86.5698125
3959,181775.wav,2,12,blrwar1,83.6615
3960,181510.wav,1,12,blrwar1,121.2865625
3961,181198.wav,1,12,blrwar1,93.12
3962,181197.wav,1,12,blrwar1,113.52
3963,181196.wav,5,12,blrwar1,55.776
3964,180758.wav,5,12,blrwar1,99.709375
3965,180592.wav,3,12,blrwar1,131.256
3966,180591.wav,2,12,blrwar1,165.024
3967,180376.wav,2,12-16,blrwar1,232.944
3968,180071.wav,2,12,blrwar1,154.853875
3969,179925.wav,5,12,blrwar1,14.7749375
3970,179922.wav,2,12,blrwar1,64.3563125
3971,179842.wav,4,12,blrwar1,71.15975
3972,179664.wav,2,12,blrwar1,25.203125
3973,179663.wav,3,12,blrwar1,14.2259375
3974,178690.wav,1,12,blrwar1,48.0653125
3975,178689.wav,1,12,blrwar1,22.0735
3976,174328.wav,1,12,blrwar1,61.512
3977,164025.wav,2,12,blrwar1,8.38725
3978,162866.wav,5,12,blrwar1,108.4081875
3979,158006.wav,5,12,blrwar1,2.50775
3980,152461.wav,3,12,blrwar1,130.549
3981,150008.wav,3,12,blrwar1,65.9330625
3982,149210.wav,2,12,blrwar1,5.340375
3983,148853.wav,1,12,blrwar1,31.4775625
3984,148833.wav,1,12,blrwar1,141.949375
3985,148832.wav,3,12,blrwar1,23.5624375
3986,145208.wav,1,12,blrwar1,37.8
3987,145156.wav,2,12,blrwar1,145.3191875
3988,139035.wav,2,12,blrwar1,98.40325
3989,139033.wav,5,12,blrwar1,175.333875
3990,138028.wav,1,12,blrwar1,111.386125
3991,136177.wav,2,12,blrwar1,45.949375
3992,136082.wav,4,12,blrwar1,173.42775
3993,135834.wav,3,12,blrwar1,94.50525
3994,135392.wav,5,12,blrwar1,16.79675
3995,134920.wav,3,12,blrwar1,208.1698125
3996,134919.wav,5,12,blrwar1,168.3069375
3997,134720.wav,5,12,blrwar1,84.1926875
3998,134719.wav,1,12,blrwar1,24.346125
3999,134718.wav,1,12,blrwar1,33.071
4000,134122.wav,3,12,blrwar1,44.592
4001,134121.wav,2,12,blrwar1,66.744
4002,122439.wav,3,12,blrwar1,48.64
4003,120633.wav,1,12,blrwar1,141.8449375
4004,116459.wav,1,12,blrwar1,27.5069375
4005,116458.wav,4,12,blrwar1,20.401625
4006,116457.wav,3,12,blrwar1,16.561625
4007,116456.wav,3,12,blrwar1,13.92325
4008,116455.wav,5,12,blrwar1,23.6146875
4009,116454.wav,3,12,blrwar1,6.7135
4010,116453.wav,2,12,blrwar1,8.7249375
4011,116452.wav,3,12,blrwar1,2.6645
4012,116450.wav,3,12,blrwar1,17.841625
4013,116449.wav,2,12,blrwar1,4.022875
4014,110007.wav,1,12,blrwar1,51.8791875
4015,104091.wav,4,12,blrwar1,334.13225
4016,104061.wav,2,12,blrwar1,79.41225
4017,102198.wav,4,12,blrwar1,49.893875
4018,55222.wav,5,12,blrwar1,98.377125
4019,44969.wav,1,12,blrwar1,28.21225
4020,44968.wav,3,12,blrwar1,38.2433125
4021,44967.wav,2,12,blrwar1,34.92575
4022,44917.wav,5,12,blrwar1,35.6049375
4023,44792.wav,5,12,blrwar1,13.3746875
4024,43712.wav,3,12,blrwar1,10.422875
4025,43711.wav,2,12,blrwar1,94.511
4026,43710.wav,4,12,blrwar1,65.097125
4027,37915.wav,5,12,blrwar1,76.9045
4028,35116.wav,4,12-15,blrwar1,218.1746875
4029,35115.wav,1,12-16-15,blrwar1,174.3935
4030,31625.wav,1,12,blrwar1,147.7224375
4031,26902.wav,4,12,blrwar1,324.440875
4032,26899.wav,2,12,blrwar1,329.247375
4033,19449.wav,4,12,blrwar1,16.1436875
4034,19443.wav,4,12,blrwar1,63.08575
4035,19413.wav,1,12,blrwar1,35.4481875
4036,658545.wav,2,12,blrwar1,90.6188125
4037,658367.wav,4,12,blrwar1,100.1070625
4038,658145.wav,5,12,blrwar1,451.87175
4039,657910.wav,5,12,blrwar1,88.2766875
4040,657909.wav,1,12,blrwar1,109.95575
4041,657908.wav,3,12,blrwar1,86.178
4042,657695.wav,4,12,blrwar1,6.264375
4043,656260.wav,4,12,blrwar1,95.28525
4044,656255.wav,1,12,blrwar1,26.5415
4045,656205.wav,1,12,blrwar1,31.81825
4046,656201.wav,2,12,blrwar1,16.8239375
4047,656199.wav,2,12,blrwar1,11.9129375
4048,655769.wav,4,12,blrwar1,64.2
4049,655590.wav,2,12,blrwar1,100.075125
4050,655507.wav,5,12,blrwar1,176.332375
4051,655096.wav,5,12,blrwar1,138.241
4052,655095.wav,3,12,blrwar1,123.865
4053,655094.wav,4,12,blrwar1,99.529
4054,655092.wav,2,12,blrwar1,67.3493125
4055,654793.wav,2,12,blrwar1,89.503125
4056,653967.wav,5,12,blrwar1,32.85625
4057,653908.wav,1,12,blrwar1,57.4515
4058,653723.wav,3,12,blrwar1,95.28975
4059,652706.wav,3,12,blrwar1,174.656
4060,652113.wav,2,12,blrwar1,32.3221875
4061,651946.wav,2,12,blrwar1,25.2343125
4062,651030.wav,2,12,blrwar1,11.36325
4063,630499.wav,4,12,blrwar1,53.244125
4064,625411.wav,2,12,blrwar1,142.7069375
4065,623734.wav,3,12,blrwar1,15.4133125
4066,615779.wav,1,12,blrwar1,15.281625
4067,614679.wav,3,12,blrwar1,123.7855625
4068,614524.wav,2,12,blrwar1,25.2604375
4069,611647.wav,1,12,blrwar1,13.949375
4070,611646.wav,5,12,blrwar1,18.259625
4071,606096.wav,5,12,blrwar1,10.201875
4072,605393.wav,5,12,blrwar1,50.5034375
4073,575237.wav,2,12,blrwar1,2.5956875
4074,571715.wav,3,12,blrwar1,37.705
4075,571600.wav,3,12,blrwar1,91.84
4076,571226.wav,4,12,blrwar1,302.2541875
4077,571137.wav,3,12,blrwar1,71.0613125
4078,571134.wav,5,12,blrwar1,109.8666875
4079,570823.wav,1,12,blrwar1,132.544
4080,569815.wav,3,12,blrwar1,48.1066875
4081,569633.wav,2,12,blrwar1,36.468
4082,568658.wav,2,12,blrwar1,35.5526875
4083,568371.wav,1,12-10,blrwar1,42.817625
4084,568295.wav,5,12,blrwar1,638.589375
4085,568145.wav,4,12,blrwar1,118.7004375
4086,568144.wav,4,12,blrwar1,88.68575
4087,568129.wav,4,12,blrwar1,74.4093125
4088,567429.wav,2,12,blrwar1,26.197375
4089,567264.wav,2,12,blrwar1,50.0416875
4090,567261.wav,5,12,blrwar1,90.0488125
4091,567200.wav,5,12,blrwar1,147.8646875
4092,567167.wav,1,12,blrwar1,24.7060625
4093,567081.wav,1,12,blrwar1,61.518375
4094,567080.wav,1,12,blrwar1,50.8604375
4095,566815.wav,5,12-16,blrwar1,122.0406875
4096,566805.wav,4,12,blrwar1,96.1538125
4097,566724.wav,5,12,blrwar1,73.024
4098,566629.wav,2,12,blrwar1,14.5386875
4099,566115.wav,5,12,blrwar1,65.1579375
4100,565740.wav,3,12,blrwar1,27.8279375
4101,565725.wav,2,12,blrwar1,35.828
4102,565461.wav,2,12,blrwar1,53.1330625
4103,564184.wav,3,12,blrwar1,21.3681875
4104,564180.wav,4,12,blrwar1,110.053875
4105,563815.wav,2,12,blrwar1,82.681
4106,563496.wav,1,12,blrwar1,293.538
4107,563310.wav,5,12,blrwar1,90.2530625
4108,563308.wav,1,12,blrwar1,98.899625
4109,563211.wav,2,12,blrwar1,46.0573125
4110,562326.wav,4,12,blrwar1,11.57225
4111,562322.wav,4,12,blrwar1,26.1224375
4112,562320.wav,5,12,blrwar1,83.8269375
4113,555569.wav,3,12,blrwar1,33.8024375
4114,508076.wav,3,12,blrwar1,13.5716875
4115,507764.wav,2,12,blrwar1,1.071
4116,506483.wav,2,12,blrwar1,28.56
4117,506000.wav,3,12,blrwar1,26.712
4118,504618.wav,1,12,blrwar1,57.0746875
4119,504616.wav,1,12,blrwar1,61.7883125
4120,503969.wav,2,12,blrwar1,18.5208125
4121,490118.wav,3,12,blrwar1,69.9036875
4122,482360.wav,4,12,blrwar1,67.0
4123,477893.wav,5,12,blrwar1,210.095125
4124,453300.wav,4,12,blrwar1,107.7823125
4125,448596.wav,3,12-16,blrwar1,302.1333125
4126,443544.wav,3,12,blrwar1,7.729
4127,439733.wav,2,12,blrwar1,95.6096875
4128,439732.wav,2,12,blrwar1,45.854
4129,431699.wav,4,12,blrwar1,17.5804375
4130,422048.wav,1,12,blrwar1,56.37225
4131,418545.wav,1,12,blrwar1,326.60825
4132,417284.wav,5,12,blrwar1,70.609
4133,412838.wav,1,12,blrwar1,18.992125
4134,386698.wav,1,12,blrwar1,58.1195625
4135,378773.wav,5,12,blrwar1,58.4098125
4136,378772.wav,3,12,blrwar1,40.1634375
4137,375961.wav,4,12-16,blrwar1,1132.056
4138,375960.wav,4,12-16,blrwar1,1102.704
4139,375711.wav,2,12,blrwar1,4.5714375
4140,375710.wav,2,12,blrwar1,69.538
4141,373901.wav,5,12,blrwar1,72.4375625
4142,372253.wav,2,12,blrwar1,110.7330625
4143,371867.wav,5,12,blrwar1,288.998375
4144,370225.wav,4,12,blrwar1,60.6824375
4145,344296.wav,5,12,blrwar1,6.89225
4146,321064.wav,1,12,blrwar1,23.61575
4147,318207.wav,1,12,blrwar1,128.184
4148,306394.wav,5,12,blrwar1,10.44
4149,296431.wav,1,12,blrwar1,52.5366875
4150,270109.wav,1,12,blrwar1,152.6335
4151,270096.wav,2,12,blrwar1,127.2946875
4152,270091.wav,3,12,blrwar1,49.5281875
4153,248056.wav,2,12,blrwar1,227.918375
4154,247736.wav,1,12,blrwar1,86.8148125
4155,209608.wav,2,12,blrwar1,12.456
4156,209211.wav,2,12,blrwar1,10.031
4157,208326.wav,1,12,blrwar1,98.562125
4158,208323.wav,5,12,blrwar1,101.44125
4159,208321.wav,2,12,blrwar1,78.0321875
4160,199001.wav,5,12,blrwar1,76.721625
4161,198831.wav,1,12,blrwar1,274.4946875
4162,198830.wav,2,12,blrwar1,35.866125
4163,194052.wav,1,12,blrwar1,11.52
4164,190758.wav,3,12,blrwar1,89.626125
4165,184749.wav,1,12,blrwar1,94.1975625
4166,184126.wav,3,12,blrwar1,60.6301875
4167,183498.wav,5,12,blrwar1,11.2588125
4168,180343.wav,3,12,blrwar1,83.8008125
4169,180043.wav,3,12,blrwar1,19.7224375
4170,179665.wav,3,12,blrwar1,63.719375
4171,163839.wav,1,12-8,blrwar1,12.456
4172,139400.wav,3,12,blrwar1,34.82125
4173,138815.wav,3,12,blrwar1,26.3053125
4174,135795.wav,4,12,blrwar1,38.635125
4175,135794.wav,5,12,blrwar1,3.0040625
4176,135408.wav,2,12,blrwar1,140.4081875
4177,135393.wav,5,12,blrwar1,39.810625
4178,135391.wav,5,12,blrwar1,48.4049375
4179,134730.wav,5,12,blrwar1,78.001625
4180,117117.wav,1,12,blrwar1,0.8620625
4181,106937.wav,3,12,blrwar1,20.2449375
4182,104092.wav,3,12,blrwar1,196.075125
4183,44966.wav,5,12,blrwar1,27.715875
4184,19451.wav,3,12,blrwar1,57.44325
4185,662286.wav,2,12,blrwar1,303.9608125
4186,662130.wav,4,12,blrwar1,158.682375
4187,660164.wav,5,12,blrwar1,444.7085625
4188,660069.wav,4,12,blrwar1,32.1839375
4189,658834.wav,3,12,blrwar1,54.2491875
4190,657846.wav,2,12,blrwar1,67.678
4191,655327.wav,1,12,blrwar1,16.3075
4192,655103.wav,4,12,blrwar1,29.831875
4193,654591.wav,4,12,blrwar1,55.7973125
4194,654590.wav,1,12,blrwar1,41.6893125
4195,653726.wav,4,12,blrwar1,24.731125
4196,650639.wav,5,12,blrwar1,26.749375
4197,650323.wav,3,12,blrwar1,158.919
4198,606668.wav,2,12,blrwar1,89.9480625
4199,581986.wav,1,12,blrwar1,16.0473125
4200,581981.wav,4,12,blrwar1,97.5365
4201,573439.wav,4,12,blrwar1,92.64
4202,569665.wav,3,12,blrwar1,18.28575
4203,567835.wav,5,12,blrwar1,57.62
4204,561845.wav,4,12,blrwar1,32.6530625
4205,477630.wav,2,12,blrwar1,104.2346875
4206,448587.wav,2,12,blrwar1,296.0544375
4207,419066.wav,5,12,blrwar1,71.915125
4208,379071.wav,1,12,blrwar1,38.7929375
4209,180476.wav,4,12,blrwar1,139.5210625
4210,150009.wav,1,12,blrwar1,26.1485625
4211,90386.wav,3,12,blrwar1,121.0466875
4212,44970.wav,4,12,blrwar1,18.8081875
4213,659095.wav,5,12,blrwar1,35.948125
4214,655700.wav,4,12,blrwar1,30.3815
4215,581983.wav,5,12,blrwar1,245.7178125
4216,568723.wav,4,12,blrwar1,47.2746875
4217,568285.wav,1,12-15,blrwar1,42.6866875
4218,566580.wav,4,12,blrwar1,0.6808125
4219,566578.wav,2,12,blrwar1,1.203
4220,564525.wav,5,12,blrwar1,137.3228125
4221,507680.wav,2,12-12,blrwar1,61.3878125
4222,703085.wav,5,13,mouwar1,12.75
4223,702393.wav,4,13,mouwar1,71.131625
4224,702392.wav,1,13,mouwar1,45.1871875
4225,702391.wav,1,13,mouwar1,41.60225
4226,698826.wav,5,13,mouwar1,56.664
4227,698822.wav,1,13,mouwar1,27.984
4228,668997.wav,2,13,mouwar1,167.702625
4229,668996.wav,3,13,mouwar1,21.726375
4230,659727.wav,3,13,mouwar1,17.1101875
4231,659726.wav,3,13,mouwar1,12.4081875
4232,657412.wav,2,13,mouwar1,25.28
4233,656322.wav,3,13,mouwar1,19.397
4234,642250.wav,2,13,mouwar1,95.869375
4235,627698.wav,3,13,mouwar1,113.395
4236,620940.wav,3,13,mouwar1,69.096375
4237,619367.wav,1,13,mouwar1,6.4193125
4238,611497.wav,5,13,mouwar1,91.1659375
4239,542357.wav,5,13,mouwar1,37.9559375
4240,542356.wav,3,13,mouwar1,174.367375
4241,542351.wav,3,13,mouwar1,90.93225
4242,529774.wav,3,13,mouwar1,32.44825
4243,516174.wav,4,13,mouwar1,107.0759375
4244,480053.wav,2,13,mouwar1,83.069375
4245,473932.wav,1,13,mouwar1,28.597
4246,468704.wav,5,13,mouwar1,93.2305
4247,467403.wav,3,13,mouwar1,74.1433125
4248,467402.wav,3,13,mouwar1,79.2169375
4249,460174.wav,1,13,mouwar1,13.897125
4250,460173.wav,4,13,mouwar1,57.991875
4251,460172.wav,3,13,mouwar1,59.9249375
4252,459870.wav,2,13,mouwar1,55.40575
4253,422660.wav,1,13,mouwar1,131.1136875
4254,418401.wav,3,13,mouwar1,79.2613125
4255,408868.wav,5,13,mouwar1,61.44
4256,406576.wav,1,13,mouwar1,202.449
4257,394513.wav,5,13,mouwar1,23.0078125
4258,368007.wav,5,13,mouwar1,515.761625
4259,365994.wav,3,13,mouwar1,424.777125
4260,365810.wav,3,13,mouwar1,387.2914375
4261,365598.wav,3,13,mouwar1,119.09225
4262,360705.wav,4,13,mouwar1,124.000375
4263,360704.wav,5,13,mouwar1,18.7965625
4264,358629.wav,5,13,mouwar1,40.4491875
4265,358560.wav,3,13,mouwar1,178.7560625
4266,357630.wav,4,13,mouwar1,86.9113125
4267,357387.wav,5,13,mouwar1,60.488
4268,357368.wav,2,13,mouwar1,86.232
4269,356695.wav,4,13,mouwar1,68.8745625
4270,347269.wav,5,13,mouwar1,34.8155
4271,329910.wav,1,13,mouwar1,9.668
4272,294397.wav,2,13,mouwar1,10.246
4273,294395.wav,2,13,mouwar1,6.053
4274,253273.wav,5,13,mouwar1,157.7606875
4275,213784.wav,4,13,mouwar1,75.46775
4276,166866.wav,5,13,mouwar1,11.856
4277,163297.wav,5,13,mouwar1,100.075125
4278,161965.wav,3,13,mouwar1,21.2114375
4279,106948.wav,2,13,mouwar1,73.401875
4280,703079.wav,5,13,mouwar1,11.0656875
4281,702395.wav,3,13,mouwar1,38.861625
4282,702394.wav,4,13,mouwar1,54.9034375
4283,702390.wav,4,13,mouwar1,15.7191875
4284,702389.wav,1,13,mouwar1,17.179875
4285,680462.wav,3,13,mouwar1,84.2786875
4286,680460.wav,5,13,mouwar1,66.308
4287,659498.wav,2,13,mouwar1,17.0255
4288,620941.wav,4,13,mouwar1,6.5684375
4289,572907.wav,4,13,mouwar1,183.9919375
4290,567979.wav,5,13-10,mouwar1,30.3215625
4291,565421.wav,2,13,mouwar1,82.7985625
4292,553271.wav,1,13,mouwar1,35.16
4293,553270.wav,1,13,mouwar1,52.8686875
4294,551455.wav,5,13,mouwar1,23.9786875
4295,533626.wav,5,13,mouwar1,31.9998125
4296,530831.wav,2,13,mouwar1,29.4186875
4297,524881.wav,4,13,mouwar1,40.4636875
4298,524880.wav,5,13,mouwar1,99.99675
4299,522340.wav,1,13,mouwar1,43.992
4300,521470.wav,1,13,mouwar1,23.170625
4301,513337.wav,2,13,mouwar1,89.007625
4302,466748.wav,5,13,mouwar1,29.303625
4303,466747.wav,1,13,mouwar1,41.167
4304,466746.wav,1,13,mouwar1,79.61975
4305,466744.wav,3,13,mouwar1,19.6765625
4306,462411.wav,5,13,mouwar1,20.052
4307,456258.wav,2,13,mouwar1,117.81225
4308,456255.wav,2,13,mouwar1,33.9069375
4309,446601.wav,4,13,mouwar1,113.1363125
4310,443794.wav,4,13,mouwar1,54.1321875
4311,442556.wav,5,13,mouwar1,30.3503125
4312,442554.wav,2,13,mouwar1,21.0093125
4313,441919.wav,4,13,mouwar1,78.2943125
4314,429780.wav,1,13,mouwar1,131.0834375
4315,390288.wav,1,13,mouwar1,62.243375
4316,365812.wav,1,13,mouwar1,437.6555
4317,358628.wav,3,13,mouwar1,41.305
4318,357889.wav,4,13,mouwar1,28.39275
4319,357888.wav,5,13,mouwar1,6.3390625
4320,357198.wav,2,13,mouwar1,192.1910625
4321,356696.wav,3,13,mouwar1,60.0360625
4322,356391.wav,3,13,mouwar1,13.9411875
4323,342804.wav,5,13,mouwar1,7.2045625
4324,329900.wav,5,13,mouwar1,33.7601875
4325,310530.wav,2,13,mouwar1,16.5365
4326,310529.wav,5,13,mouwar1,37.82325
4327,310528.wav,2,13,mouwar1,14.523125
4328,304419.wav,4,13,mouwar1,52.896
4329,185411.wav,4,13,mouwar1,28.16
4330,185409.wav,2,13,mouwar1,52.871875
4331,185408.wav,3,13,mouwar1,14.210625
4332,172480.wav,3,13,mouwar1,7.379375
4333,172478.wav,2,13,mouwar1,96.82375
4334,156862.wav,2,13,mouwar1,15.699625
4335,156861.wav,1,13,mouwar1,27.6114375
4336,145159.wav,1,13,mouwar1,75.6245
4337,141019.wav,5,13,mouwar1,74.527375
4338,134457.wav,4,13,mouwar1,91.8726875
4339,115016.wav,4,13,mouwar1,44.0946875
4340,98993.wav,1,13,mouwar1,29.832
4341,78924.wav,2,13,mouwar1,55.6146875
4342,72858.wav,2,13,mouwar1,52.797375
4343,703273.wav,2,13,mouwar1,17.4444375
4344,702181.wav,4,13,mouwar1,118.178
4345,659604.wav,2,13,mouwar1,9.284125
4346,604213.wav,5,13,mouwar1,25.1704375
4347,569337.wav,5,13,mouwar1,71.0008125
4348,530282.wav,1,13,mouwar1,118.7004375
4349,530281.wav,2,13,mouwar1,304.822875
4350,513433.wav,2,13,mouwar1,33.010875
4351,463887.wav,3,13,mouwar1,54.691375
4352,463886.wav,5,13,mouwar1,46.490625
4353,460845.wav,1,13,mouwar1,13.9430625
4354,412208.wav,2,13-17,mouwar1,26.01075
4355,408248.wav,1,13,mouwar1,36.246375
4356,394514.wav,2,13,mouwar1,60.8076875
4357,376656.wav,1,13,mouwar1,22.6381875
4358,365643.wav,1,13,mouwar1,31.94775
4359,365479.wav,3,13,mouwar1,68.937125
4360,357631.wav,4,13,mouwar1,19.818625
4361,356728.wav,2,13,mouwar1,50.8343125
4362,356390.wav,1,13,mouwar1,80.680875
4363,349718.wav,1,13,mouwar1,8.2546875
4364,318308.wav,4,13,mouwar1,72.3726875
4365,310384.wav,2,13,mouwar1,56.4
4366,307991.wav,3,13,mouwar1,31.6343125
4367,217373.wav,2,13,mouwar1,48.979625
4368,213309.wav,2,13,mouwar1,21.936
4369,211933.wav,5,13,mouwar1,28.369
4370,185412.wav,3,13,mouwar1,16.58775
4371,172479.wav,1,13,mouwar1,58.9046875
4372,172477.wav,2,13,mouwar1,145.8275
4373,172475.wav,5,13,mouwar1,64.91625
4374,31616.wav,2,13,mouwar1,22.4426875
4375,27282.wav,4,13,mouwar1,34.1420625
4376,702180.wav,5,13,mouwar1,115.9314375
4377,684880.wav,4,13,mouwar1,13.72425
4378,513335.wav,2,13,mouwar1,34.009625
4379,471594.wav,5,13,mouwar1,10.9130625
4380,456973.wav,4,13,mouwar1,8.071875
4381,412209.wav,2,13,mouwar1,7.086
4382,399005.wav,5,13,mouwar1,15.4209375
4383,387397.wav,3,13,mouwar1,18.0255625
4384,313581.wav,2,13,mouwar1,223.138
4385,404337.wav,3,13,mouwar1,41.482875
4386,692253.wav,1,14,aquwar1,81.2429375
4387,692251.wav,4,14,aquwar1,204.6753125
4388,692250.wav,1,14,aquwar1,153.8535625
4389,692249.wav,4,14,aquwar1,55.7689375
4390,692045.wav,5,14,aquwar1,51.315125
4391,688955.wav,4,14,aquwar1,88.406875
4392,688954.wav,1,14,aquwar1,34.62875
4393,688952.wav,5,14,aquwar1,1.3179375
4394,688943.wav,5,14,aquwar1,40.312
4395,664557.wav,3,14,aquwar1,33.872
4396,664521.wav,5,14,aquwar1,101.1915625
4397,651817.wav,4,14,aquwar1,53.5248125
4398,637849.wav,4,14,aquwar1,56.607375
4399,613759.wav,2,14,aquwar1,5.2503125
4400,601890.wav,2,14,aquwar1,135.165625
4401,601881.wav,4,14,aquwar1,8.9365625
4402,561499.wav,5,14,aquwar1,25.56
4403,507639.wav,4,14,aquwar1,34.82125
4404,505126.wav,5,14,aquwar1,495.264375
4405,480838.wav,5,14,aquwar1,36.048
4406,477617.wav,1,14,aquwar1,34.3595
4407,469641.wav,4,14,aquwar1,49.716
4408,425728.wav,5,14,aquwar1,168.240875
4409,425727.wav,4,14,aquwar1,101.30275
4410,425721.wav,4,14,aquwar1,411.1305625
4411,425717.wav,3,14,aquwar1,283.2954375
4412,425716.wav,5,14,aquwar1,72.8474375
4413,425715.wav,1,14,aquwar1,45.0555625
4414,425706.wav,2,14,aquwar1,69.489625
4415,425702.wav,1,14,aquwar1,87.4975
4416,415034.wav,1,14,aquwar1,64.4683125
4417,267152.wav,3,14,aquwar1,75.0996875
4418,266969.wav,1,14,aquwar1,24.47775
4419,247695.wav,3,14,aquwar1,88.56
4420,183177.wav,2,14,aquwar1,434.819
4421,113298.wav,1,14,aquwar1,31.632
4422,105381.wav,5,14,aquwar1,166.644
4423,100480.wav,1,14,aquwar1,147.96
4424,100034.wav,5,14-16,aquwar1,173.952
4425,97491.wav,4,14,aquwar1,8.6988125
4426,90835.wav,3,14,aquwar1,62.2773125
4427,74851.wav,2,14-16,aquwar1,140.27125
4428,36381.wav,5,14,aquwar1,80.04
4429,24874.wav,2,14,aquwar1,128.4440625
4430,24871.wav,4,14,aquwar1,111.6735
4431,24870.wav,2,14,aquwar1,207.36
4432,24869.wav,2,14,aquwar1,257.698
4433,697418.wav,3,14,aquwar1,27.6044375
4434,692248.wav,5,14,aquwar1,6.006375
4435,661856.wav,3,14-16,aquwar1,149.407
4436,652145.wav,3,14,aquwar1,38.88
4437,652143.wav,2,14,aquwar1,3.6
4438,650667.wav,5,14,aquwar1,5.108875
4439,642847.wav,4,14,aquwar1,165.5449375
4440,614317.wav,2,14,aquwar1,2.590125
4441,603846.wav,4,14,aquwar1,33.061
4442,589262.wav,3,14,aquwar1,16.7466875
4443,588427.wav,2,14,aquwar1,43.9243125
4444,552459.wav,5,14,aquwar1,4.3083125
4445,552457.wav,4,14,aquwar1,13.72525
4446,483672.wav,4,14,aquwar1,66.17575
4447,479725.wav,1,14,aquwar1,15.0
4448,477616.wav,4,14,aquwar1,71.6554375
4449,456609.wav,1,14,aquwar1,37.81875
4450,454693.wav,4,14,aquwar1,20.9176875
4451,451172.wav,3,14,aquwar1,59.632375
4452,428987.wav,4,14,aquwar1,284.8391875
4453,425709.wav,4,14,aquwar1,133.1045
4454,425708.wav,2,14,aquwar1,78.6936875
4455,425701.wav,1,14,aquwar1,12.569
4456,381205.wav,3,14-16,aquwar1,74.3795625
4457,381141.wav,1,14-16,aquwar1,60.50625
4458,378960.wav,4,14,aquwar1,67.08
4459,375703.wav,4,14,aquwar1,86.7333125
4460,327982.wav,5,14,aquwar1,130.0375625
4461,327977.wav,1,14,aquwar1,126.3804375
4462,327976.wav,2,14,aquwar1,119.6408125
4463,327971.wav,3,14,aquwar1,182.0735
4464,322021.wav,1,14,aquwar1,156.978
4465,319835.wav,5,14,aquwar1,60.48
4466,266577.wav,2,14,aquwar1,26.7631875
4467,243526.wav,2,14,aquwar1,41.232
4468,237017.wav,2,14-16,aquwar1,93.4311875
4469,175588.wav,5,14,aquwar1,81.1349375
4470,161549.wav,4,14-10,aquwar1,38.832
4471,142674.wav,1,14,aquwar1,33.4801875
4472,140554.wav,2,14,aquwar1,69.9559375
4473,140553.wav,5,14,aquwar1,105.142875
4474,105743.wav,4,14,aquwar1,16.56
4475,90832.wav,1,14,aquwar1,38.07325
4476,90829.wav,1,14,aquwar1,33.5601875
4477,90828.wav,1,14,aquwar1,53.8206875
4478,37898.wav,3,14,aquwar1,26.906125
4479,36742.wav,3,14,aquwar1,34.2
4480,36380.wav,2,14,aquwar1,137.016
4481,36276.wav,3,14,aquwar1,100.032
4482,24875.wav,5,14,aquwar1,253.1004375
4483,24872.wav,5,14,aquwar1,109.7404375
4484,24868.wav,3,14,aquwar1,137.5869375
4485,663521.wav,3,14-16,aquwar1,62.9493125
4486,663520.wav,2,14,aquwar1,21.5016875
4487,663519.wav,4,14,aquwar1,31.683625
4488,663517.wav,1,14-16,aquwar1,83.0345625
4489,663516.wav,1,14-16,aquwar1,139.412625
4490,663471.wav,2,14,aquwar1,51.6291875
4491,493773.wav,4,14,aquwar1,57.887375
4492,482648.wav,3,14,aquwar1,29.4828125
4493,377165.wav,1,14,aquwar1,46.5240625
4494,347272.wav,2,14,aquwar1,44.7466875
4495,347271.wav,4,14,aquwar1,7.6278125
4496,327978.wav,4,14,aquwar1,77.5314375
4497,245721.wav,4,14-10,aquwar1,57.9251875
4498,185192.wav,1,14,aquwar1,103.0269375
4499,185191.wav,4,14,aquwar1,12.930625
4500,180454.wav,4,14-16,aquwar1,85.0154375
4501,24873.wav,1,14,aquwar1,19.9836875
4502,368971.wav,1,14-17-10,aquwar1,69.0996875
4503,327980.wav,4,14,aquwar1,96.9404375
4504,327975.wav,1,14,aquwar1,193.3845
4505,327973.wav,3,14,aquwar1,150.9355
4506,97492.wav,4,14,aquwar1,43.938
4507,183145.wav,1,14,aquwar1,31.608
4508,99397.wav,4,14,aquwar1,14.256
4509,25452.wav,2,14,aquwar1,27.8204375
4510,699705.wav,5,15,marwar3,90.2008125
4511,699187.wav,2,15,marwar3,2433.410625
4512,698374.wav,3,15,marwar3,373.03
4513,697688.wav,3,15,marwar3,56.701
4514,697486.wav,3,15,marwar3,75.221375
4515,696894.wav,1,15,marwar3,121.0111875
4516,696890.wav,5,15,marwar3,242.1145
4517,696236.wav,1,15,marwar3,661.8054375
4518,690165.wav,2,15,marwar3,370.3314375
4519,690147.wav,4,15,marwar3,333.5405
4520,688974.wav,4,15,marwar3,17.3216875
4521,688973.wav,2,15,marwar3,25.060625
4522,685629.wav,3,15,marwar3,12.2786875
4523,685627.wav,4,15,marwar3,8.2068125
4524,682635.wav,1,15,marwar3,73.654875
4525,682634.wav,1,15,marwar3,94.064875
4526,680256.wav,1,15,marwar3,74.3334375
4527,679939.wav,4,15,marwar3,17.62625
4528,676360.wav,3,15,marwar3,5.928
4529,674518.wav,2,15,marwar3,106.18775
4530,673924.wav,2,15,marwar3,229.897125
4531,673921.wav,5,15,marwar3,75.444125
4532,673918.wav,4,15,marwar3,316.4985
4533,673683.wav,1,15,marwar3,110.8630625
4534,666047.wav,3,15,marwar3,134.52675
4535,664217.wav,2,15,marwar3,90.653625
4536,663619.wav,1,15,marwar3,47.3085
4537,663617.wav,1,15,marwar3,21.3179375
4538,663616.wav,4,15,marwar3,51.875375
4539,663448.wav,5,15,marwar3,54.3158125
4540,662917.wav,3,15,marwar3,75.5583125
4541,661623.wav,3,15,marwar3,118.3204375
4542,661613.wav,2,15,marwar3,120.0925
4543,661393.wav,1,15,marwar3,101.2948125
4544,659739.wav,4,15,marwar3,25.4565
4545,659686.wav,1,15,marwar3,58.896
4546,659613.wav,2,15,marwar3,30.0258125
4547,658968.wav,5,15,marwar3,248.54
4548,658755.wav,5,15,marwar3,119.4261875
4549,658754.wav,5,15,marwar3,69.920625
4550,658388.wav,5,15,marwar3,48.328
4551,657655.wav,4,15,marwar3,364.85225
4552,657649.wav,1,15,marwar3,139.807375
4553,657648.wav,2,15,marwar3,380.8914375
4554,657642.wav,4,15,marwar3,281.2081875
4555,657638.wav,4,15,marwar3,328.04575
4556,657569.wav,3,15,marwar3,98.1159375
4557,657377.wav,4,15,marwar3,70.246875
4558,657336.wav,5,15,marwar3,155.38125
4559,657335.wav,5,15,marwar3,125.011875
4560,657108.wav,5,15,marwar3,102.0
4561,657093.wav,1,15,marwar3,213.6215625
4562,657063.wav,5,15-17,marwar3,260.419
4563,656748.wav,3,15,marwar3,87.8900625
4564,656747.wav,4,15,marwar3,34.3651875
4565,656741.wav,2,15,marwar3,52.1284375
4566,656482.wav,3,15,marwar3,53.1
4567,656475.wav,4,15,marwar3,182.48
4568,656458.wav,4,15,marwar3,268.558
4569,656349.wav,2,15-17,marwar3,57.6755
4570,656250.wav,1,15,marwar3,197.652
4571,656053.wav,5,15,marwar3,63.486125
4572,656052.wav,4,15,marwar3,59.2258125
4573,655836.wav,3,15,marwar3,217.09675
4574,655687.wav,5,15,marwar3,446.7965625
4575,655639.wav,3,15,marwar3,64.296
4576,655637.wav,1,15,marwar3,155.856
4577,655635.wav,5,15,marwar3,71.736
4578,655634.wav,4,15,marwar3,99.984
4579,655633.wav,3,15,marwar3,84.336
4580,655632.wav,3,15,marwar3,98.328
4581,655618.wav,5,15,marwar3,239.5626875
4582,655259.wav,4,15,marwar3,302.7069375
4583,655234.wav,3,15,marwar3,70.4360625
4584,655233.wav,1,15,marwar3,105.7653125
4585,655081.wav,3,15,marwar3,329.4040625
4586,655036.wav,2,15,marwar3,251.808375
4587,655028.wav,3,15,marwar3,749.9509375
4588,654876.wav,4,15,marwar3,49.18175
4589,654785.wav,2,15,marwar3,322.0636875
4590,654722.wav,4,15,marwar3,43.88575
4591,654713.wav,5,15,marwar3,65.592
4592,654708.wav,3,15,marwar3,39.690625
4593,654691.wav,1,15,marwar3,216.2194375
4594,654222.wav,4,15,marwar3,13.6898125
4595,654143.wav,2,15,marwar3,644.502
4596,654122.wav,5,15,marwar3,131.944
4597,653785.wav,1,15,marwar3,121.7905625
4598,653482.wav,4,15,marwar3,173.7316875
4599,653163.wav,3,15,marwar3,322.2866875
4600,653109.wav,4,15,marwar3,62.8245
4601,653099.wav,3,15-17,marwar3,202.4454375
4602,653074.wav,5,15,marwar3,112.9396875
4603,652957.wav,3,15,marwar3,47.853375
4604,652949.wav,5,15,marwar3,50.476375
4605,652918.wav,2,15,marwar3,69.233
4606,652912.wav,2,15,marwar3,57.928
4607,652667.wav,1,15,marwar3,94.0939375
4608,652666.wav,2,15,marwar3,108.5744375
4609,652368.wav,3,15,marwar3,41.5763125
4610,652292.wav,3,15,marwar3,28.404
4611,651892.wav,3,15,marwar3,84.347875
4612,651600.wav,5,15,marwar3,30.628875
4613,651364.wav,1,15,marwar3,148.9095625
4614,651300.wav,2,15,marwar3,42.9650625
4615,651298.wav,5,15,marwar3,93.49225
4616,651088.wav,2,15,marwar3,276.508375
4617,650575.wav,3,15-15-17,marwar3,187.908375
4618,650220.wav,3,15,marwar3,518.4085625
4619,650218.wav,5,15,marwar3,107.617125
4620,649397.wav,4,15,marwar3,149.78
4621,649080.wav,1,15,marwar3,2449.3453125
4622,645864.wav,2,15,marwar3,51.330625
4623,633451.wav,2,15,marwar3,126.065
4624,632299.wav,4,15,marwar3,24.46
4625,630925.wav,1,15,marwar3,186.07275
4626,630532.wav,4,15,marwar3,33.9343125
4627,630531.wav,5,15,marwar3,71.931375
4628,630093.wav,1,15,marwar3,98.832875
4629,629307.wav,2,15,marwar3,168.8920625
4630,626805.wav,5,15,marwar3,84.8260625
4631,622197.wav,3,15,marwar3,97.7501875
4632,621999.wav,1,15,marwar3,142.498
4633,621555.wav,2,15,marwar3,43.468
4634,620963.wav,4,15-16,marwar3,128.711625
4635,620733.wav,4,15,marwar3,152.0925625
4636,620724.wav,2,15,marwar3,101.870125
4637,620619.wav,2,15,marwar3,10.965375
4638,615686.wav,3,15,marwar3,132.1784375
4639,611742.wav,2,15,marwar3,85.9700625
4640,611026.wav,4,15,marwar3,327.653875
4641,610706.wav,2,15,marwar3,38.78925
4642,608879.wav,2,15,marwar3,54.1226875
4643,602396.wav,2,15,marwar3,260.87475
4644,602392.wav,2,15,marwar3,240.294875
4645,602390.wav,3,15,marwar3,60.662125
4646,602378.wav,5,15,marwar3,305.3118125
4647,602336.wav,5,15,marwar3,232.0950625
4648,598913.wav,2,15,marwar3,2418.155125
4649,598912.wav,2,15,marwar3,2404.8849375
4650,597342.wav,5,15,marwar3,152.703
4651,593412.wav,4,15,marwar3,680.8205
4652,593411.wav,3,15,marwar3,364.2655625
4653,584154.wav,1,15,marwar3,10.824
4654,582739.wav,3,15,marwar3,19.4793125
4655,582738.wav,4,15,marwar3,20.7444375
4656,580485.wav,5,15,marwar3,39.61875
4657,580484.wav,3,15,marwar3,97.5501875
4658,580483.wav,4,15,marwar3,97.4463125
4659,580476.wav,3,15,marwar3,20.891875
4660,580475.wav,5,15,marwar3,29.2158125
4661,580474.wav,4,15,marwar3,342.4239375
4662,580126.wav,1,15,marwar3,14.9681875
4663,579821.wav,4,15,marwar3,95.7330625
4664,579820.wav,2,15,marwar3,53.2420625
4665,579058.wav,3,15,marwar3,4.742375
4666,574772.wav,2,15,marwar3,182.7775
4667,574592.wav,2,15,marwar3,402.43
4668,574350.wav,3,15,marwar3,148.208375
4669,574349.wav,1,15,marwar3,92.931375
4670,574348.wav,5,15,marwar3,72.1500625
4671,574188.wav,5,15,marwar3,141.174375
4672,573905.wav,4,15,marwar3,48.4139375
4673,573580.wav,1,15,marwar3,125.544125
4674,572993.wav,5,15,marwar3,285.552
4675,572035.wav,3,15-17,marwar3,147.3193125
4676,572034.wav,5,15,marwar3,196.18425
4677,572031.wav,1,15,marwar3,61.4155
4678,572030.wav,4,15,marwar3,32.116
4679,571718.wav,1,15,marwar3,188.89775
4680,571493.wav,3,15,marwar3,8.359375
4681,571492.wav,5,15,marwar3,35.1309375
4682,571482.wav,3,15,marwar3,219.19725
4683,571466.wav,2,15,marwar3,219.223375
4684,571442.wav,1,15,marwar3,123.696
4685,571367.wav,3,15,marwar3,68.3895625
4686,571365.wav,3,15,marwar3,35.9149375
4687,571364.wav,5,15,marwar3,302.380875
4688,571362.wav,2,15,marwar3,150.2478125
4689,571360.wav,3,15,marwar3,64.32775
4690,571359.wav,5,15,marwar3,158.398875
4691,571357.wav,1,15,marwar3,33.910125
4692,571356.wav,2,15,marwar3,176.916375
4693,571355.wav,4,15,marwar3,48.5778125
4694,570731.wav,5,15,marwar3,179.7485625
4695,570644.wav,4,15,marwar3,421.5901875
4696,570501.wav,5,15-12,marwar3,49.3649375
4697,570420.wav,1,15,marwar3,21.649
4698,570197.wav,1,15,marwar3,42.0301875
4699,570193.wav,2,15-17,marwar3,53.7694375
4700,570191.wav,3,15-17,marwar3,71.2145
4701,570169.wav,2,15-17,marwar3,130.5575
4702,570168.wav,4,15-17,marwar3,98.960875
4703,570151.wav,3,15,marwar3,253.2303125
4704,569880.wav,1,15,marwar3,87.79425
4705,569494.wav,5,15-17-15,marwar3,119.68775
4706,569490.wav,3,15,marwar3,134.1145625
4707,569476.wav,3,15,marwar3,231.8
4708,569307.wav,1,15,marwar3,130.124
4709,569306.wav,3,15,marwar3,14.2050625
4710,569158.wav,4,15,marwar3,44.7680625
4711,569129.wav,2,15,marwar3,137.0190625
4712,569128.wav,5,15,marwar3,6.3865625
4713,569127.wav,5,15,marwar3,51.9270625
4714,569126.wav,4,15,marwar3,146.417375
4715,568981.wav,5,15,marwar3,40.512
4716,568847.wav,4,15,marwar3,137.543875
4717,568548.wav,1,15,marwar3,35.2609375
4718,568221.wav,3,15,marwar3,123.994
4719,567749.wav,5,15,marwar3,48.432
4720,567554.wav,5,15,marwar3,109.1929375
4721,567487.wav,5,15,marwar3,78.5706875
4722,567339.wav,3,15,marwar3,106.85575
4723,567334.wav,1,15-16-17,marwar3,162.0071875
4724,567274.wav,1,15,marwar3,35.9466875
4725,567268.wav,3,15,marwar3,130.305875
4726,567186.wav,2,15,marwar3,84.48
4727,567155.wav,4,15,marwar3,10.252375
4728,567071.wav,4,15,marwar3,148.008
4729,567070.wav,3,15,marwar3,185.832
4730,567066.wav,5,15,marwar3,249.168
4731,566746.wav,4,15,marwar3,60.369
4732,566626.wav,4,15,marwar3,25.80475
4733,566441.wav,5,15,marwar3,408.3789375
4734,566440.wav,4,15,marwar3,344.891
4735,566425.wav,5,15,marwar3,113.699375
4736,566103.wav,2,15,marwar3,70.3901875
4737,566097.wav,4,15,marwar3,432.63075
4738,565848.wav,5,15,marwar3,70.4189375
4739,565532.wav,1,15,marwar3,260.474125
4740,565457.wav,3,15,marwar3,284.821625
4741,565293.wav,3,15,marwar3,112.86
4742,565292.wav,3,15,marwar3,136.637
4743,565050.wav,1,15,marwar3,137.4563125
4744,564821.wav,1,15,marwar3,838.139875
4745,564803.wav,4,15,marwar3,27.8465625
4746,564584.wav,5,15,marwar3,79.229375
4747,564576.wav,2,15,marwar3,102.45225
4748,564574.wav,3,15,marwar3,192.3135
4749,564573.wav,3,15,marwar3,86.88325
4750,564481.wav,2,15,marwar3,55.227
4751,564478.wav,1,15,marwar3,59.093
4752,564198.wav,5,15,marwar3,147.069375
4753,564066.wav,1,15,marwar3,89.078125
4754,563641.wav,4,15,marwar3,24.59525
4755,563559.wav,1,15-16-10,marwar3,59.089
4756,562991.wav,1,15,marwar3,74.257
4757,562990.wav,5,15,marwar3,162.168
4758,562719.wav,5,15-16,marwar3,48.02
4759,562687.wav,4,15,marwar3,120.816
4760,562686.wav,5,15,marwar3,68.856
4761,562525.wav,1,15,marwar3,67.016125
4762,562329.wav,3,15,marwar3,64.50375
4763,561911.wav,4,15,marwar3,94.563
4764,561764.wav,1,15,marwar3,2.667875
4765,561510.wav,2,15,marwar3,373.8935625
4766,561508.wav,4,15,marwar3,196.23375
4767,561358.wav,4,15,marwar3,153.2411875
4768,561074.wav,4,15,marwar3,54.1226875
4769,560947.wav,5,15,marwar3,21.44325
4770,560946.wav,2,15,marwar3,3.792625
4771,560940.wav,2,15,marwar3,2.121
4772,560939.wav,3,15,marwar3,39.537375
4773,560936.wav,1,15,marwar3,12.8610625
4774,560931.wav,2,15,marwar3,32.447625
4775,560929.wav,3,15,marwar3,32.447625
4776,560928.wav,2,15,marwar3,50.4290625
4777,560926.wav,4,15,marwar3,155.82925
4778,560925.wav,5,15,marwar3,19.6523125
4779,560923.wav,2,15,marwar3,835.034
4780,560922.wav,2,15,marwar3,526.3865
4781,560921.wav,2,15,marwar3,97.41075
4782,560919.wav,1,15,marwar3,112.1075
4783,560918.wav,1,15,marwar3,129.6753125
4784,560917.wav,1,15,marwar3,155.092
4785,560916.wav,2,15,marwar3,20.4775625
4786,560915.wav,2,15,marwar3,57.5669375
4787,560914.wav,2,15,marwar3,102.0998125
4788,560913.wav,5,15,marwar3,39.69725
4789,560912.wav,2,15,marwar3,1.0565
4790,560911.wav,5,15,marwar3,22.982875
4791,560907.wav,4,15,marwar3,3.6175625
4792,560906.wav,3,15,marwar3,254.1535
4793,560903.wav,2,15,marwar3,4.2215
4794,560901.wav,4,15,marwar3,112.3399375
4795,560900.wav,5,15,marwar3,17.1255
4796,560899.wav,3,15,marwar3,91.069875
4797,560898.wav,3,15,marwar3,4.1616875
4798,560897.wav,1,15,marwar3,5.4836875
4799,560895.wav,1,15,marwar3,40.67425
4800,560868.wav,4,15,marwar3,104.222
4801,560850.wav,3,15,marwar3,75.287375
4802,560570.wav,4,15,marwar3,193.097125
4803,560569.wav,1,15,marwar3,35.0824375
4804,560562.wav,5,15,marwar3,264.9909375
4805,560553.wav,5,15-17,marwar3,117.585
4806,560418.wav,5,15,marwar3,251.7760625
4807,560416.wav,3,15,marwar3,2.373875
4808,560415.wav,4,15-10,marwar3,97.1991875
4809,560414.wav,1,15,marwar3,200.4824375
4810,560413.wav,2,15,marwar3,8.032875
4811,560412.wav,3,15,marwar3,5.5829375
4812,560411.wav,5,15,marwar3,181.12275
4813,560410.wav,3,15,marwar3,0.5529375
4814,560409.wav,2,15,marwar3,0.885875
4815,560408.wav,5,15,marwar3,205.5826875
4816,560265.wav,4,15,marwar3,68.587125
4817,560247.wav,2,15,marwar3,36.361
4818,560235.wav,4,15,marwar3,101.6735625
4819,560142.wav,2,15,marwar3,137.3595
4820,560120.wav,1,15,marwar3,59.164
4821,560118.wav,1,15,marwar3,65.387
4822,560116.wav,1,15,marwar3,103.468
4823,560009.wav,2,15,marwar3,212.53225
4824,559988.wav,5,15,marwar3,64.7836875
4825,559987.wav,1,15,marwar3,145.841625
4826,559986.wav,5,15,marwar3,86.6220625
4827,559903.wav,1,15,marwar3,16.9436875
4828,559375.wav,5,15,marwar3,49.702
4829,559316.wav,4,15,marwar3,40.1643125
4830,555329.wav,3,15,marwar3,117.1344375
4831,555328.wav,3,15,marwar3,59.39025
4832,555327.wav,3,15,marwar3,66.1926875
4833,555325.wav,1,15,marwar3,77.074
4834,554685.wav,5,15-15,marwar3,72.6465625
4835,548784.wav,5,15,marwar3,23.9398125
4836,533841.wav,5,15,marwar3,21.3913125
4837,532030.wav,5,15,marwar3,102.8228125
4838,531181.wav,1,15,marwar3,26.1945625
4839,528398.wav,4,15,marwar3,39.273125
4840,520697.wav,3,15,marwar3,29.2234375
4841,520414.wav,2,15,marwar3,26.712875
4842,519938.wav,5,15,marwar3,296.3069375
4843,510609.wav,5,15,marwar3,41.4754375
4844,510608.wav,1,15,marwar3,110.3926875
4845,510607.wav,2,15,marwar3,4.9518125
4846,510606.wav,3,15,marwar3,50.040625
4847,507980.wav,5,15,marwar3,28.395125
4848,502124.wav,4,15,marwar3,13.728
4849,502123.wav,3,15,marwar3,70.8
4850,502122.wav,4,15,marwar3,109.992
4851,497278.wav,4,15,marwar3,208.1200625
4852,495836.wav,2,15,marwar3,9.9968125
4853,490365.wav,3,15,marwar3,98.1681875
4854,488302.wav,5,15,marwar3,287.817125
4855,488145.wav,4,15,marwar3,72.553
4856,486838.wav,1,15,marwar3,32.432625
4857,484826.wav,2,15,marwar3,72.648
4858,484824.wav,5,15,marwar3,61.128
4859,484438.wav,2,15,marwar3,77.0719375
4860,484199.wav,1,15,marwar3,19.173875
4861,484198.wav,3,15,marwar3,160.391875
4862,484197.wav,2,15-12,marwar3,434.8081875
4863,484196.wav,4,15,marwar3,407.9281875
4864,484087.wav,4,15,marwar3,84.246
4865,484084.wav,1,15,marwar3,125.1015
4866,482911.wav,1,15,marwar3,154.7409375
4867,481968.wav,1,15,marwar3,114.7721875
4868,481966.wav,5,15,marwar3,154.646
4869,481002.wav,2,15,marwar3,16.04025
4870,480989.wav,2,15,marwar3,119.463
4871,480986.wav,3,15,marwar3,38.94775
4872,480782.wav,4,15,marwar3,61.609
4873,480320.wav,4,15-16,marwar3,279.0410625
4874,480314.wav,5,15-16,marwar3,64.1055625
4875,480264.wav,4,15,marwar3,55.859
4876,480221.wav,5,15,marwar3,36.8565625
4877,480220.wav,4,15,marwar3,91.5356875
4878,479837.wav,2,15,marwar3,94.72
4879,479568.wav,4,15-10,marwar3,745.3373125
4880,479200.wav,5,15,marwar3,53.263
4881,478620.wav,5,15,marwar3,80.875125
4882,478549.wav,5,15,marwar3,10.16525
4883,478157.wav,3,15,marwar3,206.315125
4884,478155.wav,4,15,marwar3,157.9625
4885,478154.wav,1,15,marwar3,158.77225
4886,478082.wav,5,15,marwar3,51.906375
4887,477925.wav,2,15,marwar3,215.2658125
4888,477922.wav,3,15,marwar3,182.2603125
4889,477919.wav,2,15,marwar3,292.5336875
4890,477860.wav,3,15,marwar3,64.7314375
4891,477605.wav,2,15,marwar3,49.788
4892,476989.wav,3,15,marwar3,109.008
4893,476636.wav,2,15,marwar3,899.963875
4894,475665.wav,5,15,marwar3,86.257375
4895,474962.wav,3,15,marwar3,161.91275
4896,462021.wav,3,15,marwar3,38.9116875
4897,445205.wav,1,15,marwar3,224.4746875
4898,441798.wav,3,15,marwar3,132.12
4899,439553.wav,5,15,marwar3,45.0
4900,428866.wav,3,15,marwar3,4.1535
4901,428864.wav,4,15,marwar3,877.7926875
4902,428248.wav,5,15,marwar3,90.814
4903,422568.wav,2,15,marwar3,105.395
4904,422563.wav,1,15,marwar3,79.285
4905,422561.wav,2,15,marwar3,12.2025
4906,422557.wav,4,15,marwar3,28.363
4907,422052.wav,2,15-15,marwar3,165.144
4908,421938.wav,2,15-15,marwar3,198.048
4909,421802.wav,5,15,marwar3,348.5175
4910,421801.wav,3,15,marwar3,424.802
4911,421799.wav,5,15,marwar3,41.3658125
4912,421795.wav,2,15,marwar3,24.8424375
4913,421788.wav,1,15,marwar3,108.378375
4914,421787.wav,5,15,marwar3,44.4810625
4915,421649.wav,3,15-15-17,marwar3,163.0040625
4916,421597.wav,1,15-15,marwar3,230.184
4917,421537.wav,1,15-15,marwar3,249.168
4918,420809.wav,2,15,marwar3,261.4371875
4919,420774.wav,4,15,marwar3,112.9143125
4920,420543.wav,5,15,marwar3,819.576
4921,420181.wav,2,15,marwar3,75.859875
4922,420163.wav,2,15,marwar3,175.775
4923,419583.wav,2,15,marwar3,32.6269375
4924,419411.wav,1,15,marwar3,1059.048
4925,418823.wav,4,15,marwar3,126.4065625
4926,418803.wav,1,15,marwar3,449.9069375
4927,418227.wav,3,15,marwar3,76.954
4928,417571.wav,1,15,marwar3,90.7243125
4929,416866.wav,2,15,marwar3,129.201
4930,416514.wav,3,15,marwar3,353.57375
4931,416241.wav,1,15-17,marwar3,79.7529375
4932,414901.wav,5,15,marwar3,66.216
4933,397412.wav,5,15,marwar3,109.161
4934,394802.wav,2,15,marwar3,3.0
4935,393589.wav,4,15,marwar3,1254.216
4936,393588.wav,4,15,marwar3,113.712
4937,393587.wav,3,15,marwar3,1191.24
4938,393586.wav,4,15,marwar3,740.4
4939,387486.wav,5,15,marwar3,38.1324375
4940,382013.wav,2,15-10,marwar3,134.6245625
4941,379237.wav,5,15,marwar3,364.141
4942,378965.wav,4,15,marwar3,67.704
4943,377724.wav,4,15,marwar3,43.1543125
4944,377679.wav,3,15,marwar3,41.376
4945,377586.wav,2,15-10,marwar3,566.1006875
4946,377584.wav,1,15-10,marwar3,512.0533125
4947,377506.wav,1,15,marwar3,602.9845
4948,376740.wav,1,15,marwar3,42.946375
4949,376195.wav,3,15,marwar3,48.12775
4950,375994.wav,4,15,marwar3,111.2054375
4951,375818.wav,2,15,marwar3,23.40575
4952,375816.wav,2,15,marwar3,45.06125
4953,375815.wav,2,15,marwar3,43.0498125
4954,375611.wav,4,15,marwar3,227.0835
4955,375234.wav,3,15,marwar3,156.317125
4956,375232.wav,5,15,marwar3,144.119
4957,375150.wav,3,15,marwar3,120.0588125
4958,374713.wav,1,15,marwar3,147.04325
4959,374353.wav,4,15,marwar3,180.4810625
4960,374035.wav,1,15-17,marwar3,60.1088125
4961,373907.wav,4,15,marwar3,31.1640625
4962,373884.wav,3,15,marwar3,14.8636875
4963,372977.wav,5,15,marwar3,19.2794375
4964,372976.wav,1,15,marwar3,504.948
4965,372969.wav,4,15,marwar3,285.25825
4966,372907.wav,4,15,marwar3,112.35375
4967,372674.wav,4,15,marwar3,132.0500625
4968,371246.wav,5,15,marwar3,43.8926875
4969,371245.wav,3,15,marwar3,44.538375
4970,370109.wav,2,15,marwar3,54.361875
4971,368165.wav,1,15,marwar3,29.41275
4972,364295.wav,2,15,marwar3,212.136
4973,349406.wav,3,15-12,marwar3,341.1709375
4974,347283.wav,4,15,marwar3,11.7483125
4975,347282.wav,1,15,marwar3,45.1703125
4976,343865.wav,1,15-15,marwar3,145.5804375
4977,343195.wav,5,15,marwar3,615.94125
4978,332344.wav,5,15,marwar3,150.6551875
4979,332343.wav,1,15,marwar3,188.915875
4980,330755.wav,2,15,marwar3,236.847875
4981,326885.wav,4,15,marwar3,351.583125
4982,326314.wav,4,15-16,marwar3,755.480875
4983,326198.wav,2,15,marwar3,313.2164375
4984,325627.wav,2,15,marwar3,237.16575
4985,325199.wav,4,15,marwar3,415.993
4986,322532.wav,2,15,marwar3,602.544
4987,321893.wav,4,15-14,marwar3,63.624
4988,321521.wav,3,15,marwar3,499.768875
4989,321520.wav,4,15,marwar3,486.1126875
4990,321518.wav,5,15,marwar3,354.795125
4991,321517.wav,1,15,marwar3,436.271
4992,321514.wav,4,15,marwar3,385.5935
4993,321480.wav,1,15,marwar3,158.1453125
4994,321479.wav,3,15,marwar3,174.9943125
4995,320836.wav,3,15,marwar3,636.8925
4996,320823.wav,5,15,marwar3,256.706375
4997,319374.wav,1,15,marwar3,139.41725
4998,319356.wav,5,15,marwar3,32.208
4999,318875.wav,2,15,marwar3,367.36
5000,318429.wav,3,15,marwar3,90.28675
5001,318042.wav,2,15-17,marwar3,346.88
5002,317214.wav,1,15,marwar3,388.2840625
5003,317213.wav,2,15,marwar3,390.1388125
5004,317210.wav,4,15,marwar3,382.3543125
5005,289516.wav,4,15,marwar3,280.311875
5006,289515.wav,5,15,marwar3,255.264875
5007,289514.wav,5,15,marwar3,202.6300625
5008,289513.wav,2,15,marwar3,116.37375
5009,283364.wav,3,15,marwar3,2567.509
5010,283355.wav,4,15-17,marwar3,4150.9376875
5011,283350.wav,1,15,marwar3,1383.9695
5012,283343.wav,4,15,marwar3,1321.0144375
5013,283176.wav,3,15,marwar3,2044.2405
5014,281506.wav,4,15,marwar3,22.6481875
5015,281505.wav,1,15,marwar3,145.711
5016,281503.wav,3,15,marwar3,103.83675
5017,281502.wav,2,15,marwar3,59.4546875
5018,281501.wav,5,15,marwar3,30.3543125
5019,281500.wav,4,15,marwar3,31.6343125
5020,281499.wav,2,15,marwar3,122.4620625
5021,281498.wav,3,15,marwar3,56.8424375
5022,280355.wav,5,15,marwar3,72.4375625
5023,280354.wav,1,15,marwar3,40.2285625
5024,279758.wav,4,15,marwar3,15.2555
5025,279757.wav,2,15,marwar3,40.6465625
5026,268806.wav,3,15-15,marwar3,314.93225
5027,257008.wav,5,15,marwar3,46.848
5028,253561.wav,4,15,marwar3,85.7290625
5029,249250.wav,3,15,marwar3,110.7621875
5030,245960.wav,1,15,marwar3,67.934375
5031,244712.wav,5,15,marwar3,106.2933125
5032,243480.wav,5,15,marwar3,88.112125
5033,228590.wav,1,15-16,marwar3,61.0481875
5034,217868.wav,2,15,marwar3,166.117
5035,214085.wav,2,15,marwar3,155.9249375
5036,208507.wav,1,15,marwar3,21.8804375
5037,200450.wav,1,15,marwar3,14.053875
5038,197028.wav,3,15,marwar3,226.1420625
5039,197027.wav,5,15-16,marwar3,147.382875
5040,194181.wav,4,15,marwar3,199.73225
5041,194055.wav,1,15,marwar3,82.129
5042,194054.wav,5,15,marwar3,169.43125
5043,190454.wav,2,15,marwar3,26.2269375
5044,189885.wav,1,15,marwar3,25.6794375
5045,189569.wav,2,15,marwar3,175.992
5046,189222.wav,3,15,marwar3,43.978625
5047,187677.wav,5,15,marwar3,120.9208125
5048,184599.wav,5,15-16,marwar3,654.1845
5049,184191.wav,2,15,marwar3,631.222875
5050,183736.wav,2,15-12,marwar3,237.888
5051,181819.wav,4,15,marwar3,596.304
5052,181549.wav,2,15,marwar3,366.456
5053,181363.wav,3,15,marwar3,141.96
5054,181200.wav,5,15,marwar3,507.7681875
5055,181158.wav,5,15,marwar3,18.810125
5056,180266.wav,3,15,marwar3,79.886375
5057,180264.wav,3,15-15,marwar3,100.49125
5058,180167.wav,5,15,marwar3,141.5053125
5059,180048.wav,1,15,marwar3,1292.3036875
5060,180038.wav,4,15,marwar3,1041.0840625
5061,179574.wav,3,15,marwar3,305.00575
5062,176867.wav,2,15,marwar3,27.5069375
5063,175947.wav,1,15,marwar3,142.4803125
5064,175946.wav,5,15,marwar3,130.8965
5065,175944.wav,1,15,marwar3,25.853
5066,175943.wav,4,15,marwar3,39.71
5067,167400.wav,2,15-15,marwar3,173.949375
5068,161910.wav,2,15,marwar3,92.7346875
5069,160856.wav,5,15,marwar3,71.3603125
5070,151673.wav,3,15-15-16,marwar3,79.1249375
5071,144545.wav,5,15,marwar3,262.3445
5072,144544.wav,5,15,marwar3,343.0189375
5073,143816.wav,4,15,marwar3,34.689625
5074,143116.wav,5,15,marwar3,64.44
5075,143115.wav,4,15,marwar3,158.4065625
5076,142750.wav,4,15,marwar3,150.2824375
5077,142749.wav,3,15,marwar3,70.530625
5078,142637.wav,2,15,marwar3,105.038375
5079,142601.wav,3,15,marwar3,129.43675
5080,142430.wav,5,15,marwar3,57.782875
5081,142090.wav,5,15,marwar3,128.130625
5082,141159.wav,5,15,marwar3,249.9426875
5083,140652.wav,5,15,marwar3,299.6010625
5084,140300.wav,2,15-16,marwar3,2377.2735
5085,140073.wav,3,15,marwar3,51.487375
5086,139982.wav,4,15,marwar3,136.416
5087,139780.wav,4,15-17,marwar3,167.259625
5088,139779.wav,5,15,marwar3,360.8555
5089,139415.wav,4,15,marwar3,81.031875
5090,138563.wav,2,15,marwar3,51.888
5091,138214.wav,2,15,marwar3,416.5224375
5092,138107.wav,4,15-17-15,marwar3,630.4391875
5093,138009.wav,4,15,marwar3,56.5585625
5094,137978.wav,5,15,marwar3,178.18775
5095,137696.wav,3,15-17-16,marwar3,1556.53225
5096,137611.wav,4,15,marwar3,903.52325
5097,137582.wav,5,15,marwar3,299.702875
5098,136107.wav,5,15,marwar3,50.0669375
5099,135648.wav,2,15,marwar3,543.5820625
5100,135647.wav,1,15-17,marwar3,4697.0514375
5101,135516.wav,3,15,marwar3,123.8426875
5102,134829.wav,5,15,marwar3,57.521625
5103,134212.wav,5,15,marwar3,61.1285625
5104,132770.wav,3,15-17,marwar3,536.607375
5105,130999.wav,3,15,marwar3,64.8270625
5106,130998.wav,1,15,marwar3,78.4514375
5107,130997.wav,2,15,marwar3,86.3315
5108,129495.wav,1,15,marwar3,185.808
5109,120743.wav,3,15,marwar3,152.4245
5110,113368.wav,5,15,marwar3,124.992
5111,113351.wav,3,15,marwar3,161.04
5112,112993.wav,5,15,marwar3,132.7705
5113,112991.wav,2,15,marwar3,151.5908125
5114,110333.wav,4,15,marwar3,129.5935
5115,107220.wav,4,15,marwar3,277.3681875
5116,107219.wav,3,15,marwar3,213.786125
5117,107218.wav,5,15,marwar3,223.973875
5118,107217.wav,1,15,marwar3,52.349375
5119,104610.wav,3,15,marwar3,36.642625
5120,104556.wav,5,15,marwar3,98.304
5121,104174.wav,5,15,marwar3,180.0620625
5122,104012.wav,5,15-15,marwar3,177.4759375
5123,104001.wav,4,15,marwar3,167.976
5124,103724.wav,5,15,marwar3,161.268875
5125,102822.wav,2,15-17,marwar3,213.4465625
5126,102809.wav,5,15,marwar3,167.04
5127,102455.wav,3,15-16,marwar3,389.329
5128,101779.wav,2,15,marwar3,136.949625
5129,101777.wav,5,15,marwar3,162.24525
5130,101775.wav,2,15,marwar3,137.6540625
5131,101551.wav,5,15,marwar3,175.344
5132,101467.wav,3,15,marwar3,177.192
5133,95094.wav,2,15,marwar3,179.6505625
5134,90558.wav,1,15,marwar3,117.551
5135,90554.wav,4,15-17,marwar3,100.258
5136,90538.wav,4,15,marwar3,80.509375
5137,90537.wav,2,15-15,marwar3,156.029375
5138,90518.wav,2,15,marwar3,26.749375
5139,89926.wav,5,15,marwar3,89.809
5140,89809.wav,3,15,marwar3,39.2098125
5141,89806.wav,1,15,marwar3,56.111
5142,89803.wav,2,15,marwar3,45.6359375
5143,89802.wav,4,15,marwar3,45.6359375
5144,89801.wav,3,15,marwar3,53.2636875
5145,89799.wav,5,15,marwar3,42.161625
5146,89798.wav,4,15,marwar3,36.7020625
5147,89794.wav,2,15,marwar3,57.730625
5148,89793.wav,2,15,marwar3,38.0865625
5149,89792.wav,5,15,marwar3,50.28575
5150,89791.wav,4,15,marwar3,44.74775
5151,89790.wav,1,15,marwar3,13.8449375
5152,89789.wav,5,15,marwar3,19.278375
5153,89788.wav,3,15,marwar3,33.071
5154,89787.wav,2,15,marwar3,56.9730625
5155,89786.wav,4,15,marwar3,52.349375
5156,89785.wav,1,15,marwar3,52.48
5157,89784.wav,1,15,marwar3,29.361625
5158,89258.wav,4,15,marwar3,121.2865625
5159,88999.wav,2,15,marwar3,113.5020625
5160,88998.wav,2,15,marwar3,138.631875
5161,85099.wav,2,15,marwar3,45.696
5162,84080.wav,1,15,marwar3,189.831875
5163,83761.wav,3,15,marwar3,166.3438125
5164,83221.wav,3,15,marwar3,130.4555
5165,82717.wav,4,15,marwar3,22.5175625
5166,82716.wav,5,15,marwar3,22.4391875
5167,82715.wav,4,15,marwar3,16.2220625
5168,82704.wav,5,15,marwar3,178.7884375
5169,82703.wav,5,15,marwar3,78.4965
5170,82573.wav,1,15,marwar3,105.224125
5171,82572.wav,2,15,marwar3,60.8245
5172,82571.wav,3,15,marwar3,108.8240625
5173,82570.wav,5,15,marwar3,106.424125
5174,80688.wav,5,15-16,marwar3,68.3101875
5175,80570.wav,3,15,marwar3,78.498
5176,80358.wav,5,15,marwar3,42.8669375
5177,79653.wav,1,15,marwar3,116.610625
5178,79057.wav,4,15,marwar3,202.475125
5179,72625.wav,5,15,marwar3,183.066125
5180,72546.wav,5,15,marwar3,1959.0265
5181,64690.wav,5,15,marwar3,29.80575
5182,64689.wav,2,15,marwar3,15.0726875
5183,64687.wav,4,15,marwar3,14.34125
5184,64686.wav,1,15,marwar3,17.5804375
5185,64685.wav,3,15,marwar3,12.930625
5186,62082.wav,1,15,marwar3,15.595125
5187,62070.wav,2,15,marwar3,22.0735
5188,62068.wav,3,15,marwar3,21.681625
5189,62067.wav,1,15,marwar3,26.3314375
5190,62065.wav,2,15,marwar3,48.90125
5191,62063.wav,5,15,marwar3,53.81225
5192,61523.wav,2,15,marwar3,53.81225
5193,57120.wav,2,15,marwar3,65.8808125
5194,56800.wav,5,15,marwar3,90.64225
5195,56799.wav,1,15,marwar3,95.0950625
5196,56798.wav,3,15,marwar3,125.155
5197,56268.wav,2,15,marwar3,66.1159375
5198,56267.wav,3,15,marwar3,28.6824375
5199,56265.wav,4,15,marwar3,29.1526875
5200,56249.wav,3,15-17,marwar3,113.0496875
5201,56248.wav,1,15-17,marwar3,100.4118125
5202,56247.wav,5,15-17,marwar3,63.7613125
5203,56242.wav,4,15,marwar3,38.5198125
5204,56241.wav,4,15,marwar3,45.012125
5205,56240.wav,1,15,marwar3,79.8309375
5206,56239.wav,5,15,marwar3,50.1299375
5207,56238.wav,2,15,marwar3,91.3263125
5208,56237.wav,5,15,marwar3,81.8273125
5209,54622.wav,3,15-15,marwar3,13.035125
5210,54592.wav,5,15,marwar3,123.4546875
5211,54591.wav,2,15,marwar3,203.0759375
5212,48551.wav,5,15,marwar3,24.3535625
5213,37165.wav,2,15,marwar3,23.275125
5214,36757.wav,1,15,marwar3,126.024
5215,36273.wav,1,15,marwar3,101.016
5216,36196.wav,4,15,marwar3,34.032
5217,36009.wav,2,15,marwar3,179.539625
5218,35915.wav,3,15,marwar3,118.032
5219,35206.wav,4,15,marwar3,41.6914375
5220,34677.wav,1,15,marwar3,125.466125
5221,34127.wav,4,15,marwar3,49.6065625
5222,34126.wav,1,15,marwar3,42.9191875
5223,30183.wav,1,15,marwar3,97.68
5224,30182.wav,3,15,marwar3,176.064
5225,30099.wav,4,15,marwar3,163.128
5226,30098.wav,1,15,marwar3,33.168
5227,26696.wav,4,15,marwar3,183.40575
5228,24951.wav,3,15,marwar3,111.9085625
5229,24942.wav,4,15,marwar3,53.3420625
5230,24941.wav,5,15,marwar3,112.69225
5231,24940.wav,2,15,marwar3,82.7036875
5232,24714.wav,3,15-15,marwar3,31.5559375
5233,703559.wav,4,15,marwar3,17.488
5234,696327.wav,5,15,marwar3,28.733
5235,695672.wav,2,15,marwar3,20.6199375
5236,695247.wav,3,15,marwar3,28.6301875
5237,694096.wav,3,15,marwar3,28.64
5238,690443.wav,5,15,marwar3,126.6126875
5239,679877.wav,4,15,marwar3,46.5763125
5240,678151.wav,2,15,marwar3,135.0008125
5241,664218.wav,4,15-10,marwar3,76.2375625
5242,661878.wav,1,15,marwar3,72.1705625
5243,661341.wav,4,15,marwar3,251.8920625
5244,661194.wav,2,15,marwar3,104.9528125
5245,660507.wav,5,15,marwar3,33.201875
5246,660154.wav,2,15,marwar3,54.694875
5247,659992.wav,3,15,marwar3,80.9173125
5248,659991.wav,4,15,marwar3,71.5733125
5249,659275.wav,4,15,marwar3,128.77
5250,659236.wav,4,15,marwar3,42.29225
5251,658808.wav,1,15-16-17,marwar3,217.1004375
5252,658057.wav,1,15,marwar3,579.6500625
5253,657652.wav,4,15,marwar3,276.401625
5254,657646.wav,2,15,marwar3,94.1714375
5255,657644.wav,1,15,marwar3,368.927375
5256,657640.wav,3,15,marwar3,136.2546875
5257,657588.wav,5,15,marwar3,25.728
5258,656488.wav,4,15,marwar3,80.155
5259,656454.wav,1,15,marwar3,20.379
5260,655426.wav,3,15,marwar3,25.820625
5261,654977.wav,2,15,marwar3,169.0226875
5262,654707.wav,4,15,marwar3,13.2291875
5263,654692.wav,4,15,marwar3,80.915375
5264,654510.wav,1,15,marwar3,183.7465625
5265,654509.wav,2,15,marwar3,12.635125
5266,653864.wav,1,15,marwar3,220.0035625
5267,653616.wav,4,15,marwar3,71.0055
5268,653614.wav,5,15,marwar3,175.0446875
5269,653491.wav,4,15,marwar3,506.1944375
5270,653082.wav,4,15-17,marwar3,165.6235
5271,653073.wav,5,15,marwar3,108.2035
5272,652953.wav,5,15,marwar3,33.41125
5273,652731.wav,4,15,marwar3,35.761625
5274,652258.wav,5,15,marwar3,64.9813125
5275,650534.wav,5,15,marwar3,20.311375
5276,650533.wav,5,15,marwar3,23.109875
5277,650532.wav,3,15,marwar3,8.24925
5278,650531.wav,4,15,marwar3,14.7255625
5279,650530.wav,5,15,marwar3,22.236875
5280,650258.wav,4,15,marwar3,105.0783125
5281,649728.wav,3,15,marwar3,6.9444375
5282,646734.wav,5,15,marwar3,10.5655
5283,644270.wav,1,15,marwar3,30.56325
5284,638168.wav,2,15,marwar3,39.337
5285,638132.wav,2,15,marwar3,12.1805625
5286,636997.wav,2,15,marwar3,27.577
5287,633455.wav,1,15,marwar3,74.697625
5288,626806.wav,1,15,marwar3,32.3415
5289,623256.wav,1,15,marwar3,24.308
5290,622202.wav,1,15,marwar3,127.817125
5291,621957.wav,3,15,marwar3,27.494375
5292,619774.wav,1,15,marwar3,36.246375
5293,617054.wav,5,15,marwar3,43.329
5294,616555.wav,2,15,marwar3,35.8475625
5295,615519.wav,4,15,marwar3,44.5388125
5296,615518.wav,1,15,marwar3,75.46775
5297,615516.wav,2,15,marwar3,23.30125
5298,615515.wav,1,15,marwar3,29.231
5299,615511.wav,2,15,marwar3,19.618
5300,614681.wav,2,15,marwar3,37.686
5301,608609.wav,5,15,marwar3,36.6236875
5302,607100.wav,5,15,marwar3,96.4440625
5303,597343.wav,4,15,marwar3,40.41275
5304,596280.wav,5,15,marwar3,590.599375
5305,596258.wav,3,15,marwar3,609.6396875
5306,596227.wav,1,15,marwar3,591.9929375
5307,588037.wav,4,15,marwar3,21.499875
5308,588034.wav,5,15,marwar3,10.6590625
5309,586594.wav,5,15,marwar3,47.844
5310,584103.wav,1,15,marwar3,138.88
5311,583459.wav,2,15,marwar3,16.4105
5312,583458.wav,4,15,marwar3,29.8780625
5313,583380.wav,2,15,marwar3,40.309875
5314,583379.wav,5,15,marwar3,78.5391875
5315,581562.wav,5,15,marwar3,50.963125
5316,580487.wav,1,15,marwar3,39.7236875
5317,580482.wav,5,15,marwar3,3.4865625
5318,580481.wav,3,15,marwar3,14.735625
5319,580480.wav,1,15,marwar3,36.528375
5320,580479.wav,3,15,marwar3,24.870625
5321,580478.wav,5,15,marwar3,140.70325
5322,580477.wav,5,15,marwar3,7.453375
5323,580473.wav,3,15,marwar3,128.2354375
5324,574698.wav,5,15,marwar3,20.893
5325,574110.wav,5,15,marwar3,74.8786875
5326,573716.wav,1,15,marwar3,42.2255
5327,573056.wav,1,15,marwar3,46.346875
5328,573053.wav,4,15,marwar3,52.544125
5329,572033.wav,5,15-17,marwar3,62.5024375
5330,572032.wav,3,15,marwar3,66.568375
5331,571948.wav,3,15,marwar3,144.64
5332,571947.wav,4,15,marwar3,194.752
5333,571490.wav,1,15,marwar3,240.883625
5334,571489.wav,5,15,marwar3,21.5905
5335,571488.wav,3,15,marwar3,208.9635625
5336,571486.wav,3,15,marwar3,486.051375
5337,571485.wav,4,15,marwar3,20.3189375
5338,571477.wav,4,15,marwar3,240.098375
5339,571473.wav,2,15,marwar3,73.133875
5340,571472.wav,4,15,marwar3,84.753
5341,571470.wav,4,15,marwar3,29.5653125
5342,571468.wav,3,15,marwar3,60.1114375
5343,571425.wav,2,15,marwar3,68.448
5344,571363.wav,1,15,marwar3,72.578625
5345,571358.wav,3,15,marwar3,31.347
5346,571106.wav,5,15,marwar3,55.5624375
5347,570873.wav,1,15,marwar3,113.0783125
5348,570302.wav,5,15,marwar3,48.018875
5349,570194.wav,1,15,marwar3,24.63125
5350,570192.wav,1,15-17,marwar3,52.67
5351,570081.wav,1,15,marwar3,189.518375
5352,569914.wav,3,15,marwar3,38.7114375
5353,569872.wav,1,15,marwar3,54.151875
5354,569871.wav,4,15,marwar3,281.65225
5355,569686.wav,5,15-16,marwar3,156.21525
5356,569646.wav,2,15,marwar3,51.5135
5357,569634.wav,3,15,marwar3,100.022875
5358,569492.wav,2,15,marwar3,67.71225
5359,569489.wav,1,15,marwar3,72.7705625
5360,569486.wav,1,15,marwar3,69.86525
5361,569485.wav,3,15,marwar3,102.060875
5362,569125.wav,3,15,marwar3,34.2696875
5363,568701.wav,3,15,marwar3,24.9059375
5364,568700.wav,3,15,marwar3,17.69175
5365,568699.wav,5,15,marwar3,65.728375
5366,568698.wav,2,15,marwar3,83.523625
5367,568259.wav,3,15,marwar3,65.071
5368,567884.wav,2,15,marwar3,90.4098125
5369,567881.wav,1,15,marwar3,95.007375
5370,567879.wav,2,15,marwar3,50.2335
5371,567331.wav,3,15-15-16,marwar3,133.022125
5372,567254.wav,2,15,marwar3,457.4695
5373,567109.wav,4,15,marwar3,65.28
5374,567107.wav,5,15,marwar3,87.327375
5375,566747.wav,3,15,marwar3,73.7698125
5376,566253.wav,4,15,marwar3,57.4193125
5377,566031.wav,4,15,marwar3,171.2326875
5378,565681.wav,2,15,marwar3,46.3935
5379,565680.wav,2,15,marwar3,98.0375625
5380,565352.wav,3,15,marwar3,162.7865
5381,565334.wav,3,15,marwar3,69.7208125
5382,565314.wav,5,15-16,marwar3,34.4555
5383,565290.wav,5,15,marwar3,106.533
5384,565131.wav,4,15,marwar3,290.769
5385,564711.wav,5,15,marwar3,51.7754375
5386,564556.wav,1,15,marwar3,38.269375
5387,564453.wav,5,15,marwar3,78.9943125
5388,564448.wav,2,15,marwar3,170.6840625
5389,564349.wav,5,15,marwar3,53.577125
5390,564301.wav,5,15-16,marwar3,114.28575
5391,564009.wav,3,15,marwar3,74.8408125
5392,563907.wav,4,15,marwar3,165.36
5393,563752.wav,5,15,marwar3,60.0
5394,563731.wav,4,15,marwar3,32.8359375
5395,563686.wav,3,15,marwar3,39.40425
5396,563274.wav,2,15,marwar3,159.111875
5397,563273.wav,4,15,marwar3,74.8930625
5398,563108.wav,4,15,marwar3,78.4990625
5399,562997.wav,1,15,marwar3,136.03375
5400,562796.wav,2,15,marwar3,38.24325
5401,562485.wav,2,15,marwar3,95.791
5402,562484.wav,2,15,marwar3,89.521625
5403,562047.wav,3,15,marwar3,67.4045
5404,562029.wav,3,15,marwar3,71.471
5405,562028.wav,5,15,marwar3,71.471
5406,561643.wav,1,15,marwar3,280.76325
5407,561053.wav,1,15,marwar3,14.747125
5408,560943.wav,3,15,marwar3,44.2759375
5409,560942.wav,5,15,marwar3,20.6599375
5410,560937.wav,3,15,marwar3,14.789875
5411,560934.wav,4,15,marwar3,37.3976875
5412,560933.wav,3,15,marwar3,157.187875
5413,560932.wav,2,15,marwar3,200.34275
5414,560930.wav,2,15,marwar3,8.992875
5415,560927.wav,5,15,marwar3,62.8084375
5416,560924.wav,5,15,marwar3,12.77575
5417,560920.wav,5,15,marwar3,244.236875
5418,560910.wav,1,15,marwar3,8.2866875
5419,560909.wav,2,15,marwar3,7.259125
5420,560908.wav,3,15,marwar3,6.231375
5421,560905.wav,3,15,marwar3,58.183125
5422,560904.wav,5,15,marwar3,132.9740625
5423,560902.wav,2,15,marwar3,85.4666875
5424,560007.wav,2,15,marwar3,59.7159375
5425,559958.wav,3,15,marwar3,50.5608125
5426,559753.wav,3,15,marwar3,69.072
5427,559739.wav,2,15,marwar3,60.096
5428,559733.wav,1,15,marwar3,69.264
5429,557274.wav,5,15,marwar3,139.6875
5430,556120.wav,4,15,marwar3,147.958125
5431,555326.wav,5,15,marwar3,30.061
5432,536555.wav,4,15,marwar3,22.6715625
5433,531359.wav,5,15,marwar3,12.312
5434,531358.wav,3,15,marwar3,44.232
5435,531357.wav,5,15,marwar3,37.034
5436,530718.wav,1,15,marwar3,31.7039375
5437,528052.wav,2,15,marwar3,24.7169375
5438,521209.wav,2,15,marwar3,16.8490625
5439,519982.wav,5,15,marwar3,83.591875
5440,519981.wav,1,15,marwar3,119.066125
5441,519980.wav,4,15,marwar3,125.1265625
5442,519728.wav,5,15,marwar3,28.1891875
5443,507654.wav,2,15,marwar3,82.0840625
5444,496658.wav,2,15,marwar3,895.0535
5445,493203.wav,5,15,marwar3,936.7125
5446,492971.wav,2,15,marwar3,2791.317
5447,492970.wav,4,15,marwar3,2761.0
5448,492969.wav,1,15,marwar3,2760.0
5449,492823.wav,5,15-16,marwar3,599.91
5450,492822.wav,3,15-16,marwar3,601.38
5451,492821.wav,4,15-16,marwar3,601.48
5452,492395.wav,1,15,marwar3,177.84
5453,490369.wav,3,15,marwar3,116.2449375
5454,490368.wav,4,15,marwar3,28.7346875
5455,487527.wav,5,15,marwar3,132.258
5456,487058.wav,5,15,marwar3,114.935375
5457,486919.wav,2,15,marwar3,73.296
5458,486107.wav,5,15,marwar3,26.8074375
5459,484974.wav,5,15,marwar3,91.6636875
5460,484973.wav,3,15,marwar3,47.8563125
5461,484971.wav,2,15,marwar3,85.76
5462,484842.wav,5,15,marwar3,37.7469375
5463,484841.wav,3,15,marwar3,69.7469375
5464,484840.wav,2,15,marwar3,33.64575
5465,484186.wav,2,15,marwar3,174.5501875
5466,483101.wav,3,15,marwar3,27.910375
5467,482662.wav,4,15,marwar3,214.9800625
5468,482512.wav,4,15,marwar3,492.08275
5469,482499.wav,1,15,marwar3,3294.98125
5470,481967.wav,3,15,marwar3,91.4958125
5471,480968.wav,3,15,marwar3,282.4620625
5472,480685.wav,4,15,marwar3,35.6049375
5473,480395.wav,2,15,marwar3,91.6368125
5474,479612.wav,2,15,marwar3,23.7975625
5475,479091.wav,2,15,marwar3,15.5890625
5476,478878.wav,5,15,marwar3,566.76
5477,478789.wav,1,15,marwar3,40.0
5478,478612.wav,1,15,marwar3,125.016
5479,478416.wav,5,15,marwar3,66.533875
5480,478314.wav,2,15,marwar3,23.5868125
5481,478289.wav,2,15,marwar3,1040.448
5482,478096.wav,2,15,marwar3,52.9606875
5483,477943.wav,4,15,marwar3,230.1380625
5484,477938.wav,4,15,marwar3,185.8430625
5485,477935.wav,5,15,marwar3,60.006125
5486,477933.wav,2,15,marwar3,197.812125
5487,477930.wav,2,15,marwar3,60.41875
5488,477928.wav,1,15,marwar3,142.0674375
5489,477926.wav,1,15,marwar3,251.0816875
5490,477705.wav,1,15,marwar3,87.24
5491,477704.wav,2,15,marwar3,36.768
5492,477701.wav,3,15,marwar3,101.2143125
5493,477518.wav,4,15,marwar3,15.8563125
5494,477112.wav,3,15,marwar3,82.008
5495,476939.wav,5,15,marwar3,47.28
5496,469077.wav,1,15,marwar3,28.499625
5497,464157.wav,1,15,marwar3,35.6289375
5498,461550.wav,5,15,marwar3,28.8884375
5499,460561.wav,3,15,marwar3,26.72325
5500,456981.wav,3,15,marwar3,18.102875
5501,451175.wav,3,15,marwar3,51.390375
5502,448384.wav,5,15,marwar3,194.50775
5503,447521.wav,3,15,marwar3,15.264
5504,445206.wav,4,15,marwar3,224.4746875
5505,445204.wav,2,15,marwar3,42.9750625
5506,444583.wav,3,15,marwar3,202.995125
5507,441883.wav,1,15,marwar3,26.3556875
5508,436732.wav,2,15,marwar3,55.0410625
5509,428249.wav,5,15,marwar3,34.863
5510,424454.wav,5,15,marwar3,50.976
5511,422893.wav,4,15,marwar3,38.6365
5512,422560.wav,2,15,marwar3,124.506
5513,422009.wav,1,15-12,marwar3,1129.704
5514,421771.wav,2,15,marwar3,50.9388125
5515,420783.wav,1,15,marwar3,105.372
5516,420764.wav,3,15,marwar3,513.5935
5517,420762.wav,2,15-15,marwar3,439.08
5518,420743.wav,2,15,marwar3,97.531375
5519,420701.wav,3,15,marwar3,39.912
5520,420699.wav,2,15,marwar3,111.4205
5521,420003.wav,4,15,marwar3,141.1668125
5522,419840.wav,5,15-17-16,marwar3,56.842875
5523,419743.wav,5,15-15-17,marwar3,143.2043125
5524,418230.wav,5,15,marwar3,23.452
5525,418229.wav,4,15,marwar3,27.452
5526,418063.wav,3,15,marwar3,68.179625
5527,417238.wav,2,15,marwar3,24.3210625
5528,417218.wav,4,15,marwar3,41.9265625
5529,416863.wav,4,15,marwar3,80.2635
5530,416543.wav,2,15,marwar3,68.3545625
5531,415941.wav,5,15,marwar3,209.376
5532,415567.wav,2,15,marwar3,41.0373125
5533,403029.wav,5,15,marwar3,38.3820625
5534,402844.wav,5,15,marwar3,128.9094375
5535,394876.wav,2,15,marwar3,46.5240625
5536,394874.wav,1,15,marwar3,58.0440625
5537,394769.wav,2,15,marwar3,24.8163125
5538,391017.wav,3,15,marwar3,137.536
5539,385577.wav,2,15,marwar3,30.511
5540,385558.wav,2,15,marwar3,13.06125
5541,381474.wav,1,15,marwar3,45.087375
5542,381473.wav,3,15,marwar3,45.2701875
5543,381472.wav,3,15,marwar3,36.3363125
5544,381263.wav,3,15,marwar3,20.1359375
5545,379239.wav,5,15,marwar3,188.3551875
5546,379238.wav,3,15,marwar3,88.8629375
5547,379236.wav,5,15,marwar3,283.7094375
5548,379234.wav,2,15,marwar3,96.908125
5549,377416.wav,4,15,marwar3,77.5471875
5550,377163.wav,4,15,marwar3,91.6114375
5551,376149.wav,2,15,marwar3,48.2220625
5552,376148.wav,2,15,marwar3,20.0098125
5553,376147.wav,2,15,marwar3,20.715125
5554,375757.wav,4,15,marwar3,122.1349375
5555,375756.wav,2,15,marwar3,109.249125
5556,375050.wav,5,15-10,marwar3,43.0236875
5557,374212.wav,2,15,marwar3,48.0608125
5558,374211.wav,2,15,marwar3,35.5290625
5559,373752.wav,2,15,marwar3,67.5004375
5560,373113.wav,4,15,marwar3,71.862875
5561,372436.wav,4,15,marwar3,94.82625
5562,372388.wav,5,15,marwar3,157.0220625
5563,371957.wav,2,15,marwar3,44.6479375
5564,371415.wav,3,15,marwar3,120.2155
5565,371382.wav,5,15,marwar3,69.093875
5566,371247.wav,2,15,marwar3,87.3075
5567,370926.wav,4,15,marwar3,381.0220625
5568,369993.wav,1,15,marwar3,75.5471875
5569,367306.wav,5,15,marwar3,470.025875
5570,367294.wav,2,15,marwar3,18.3489375
5571,367291.wav,2,15,marwar3,30.1211875
5572,364863.wav,4,15,marwar3,34.3303125
5573,364292.wav,1,15,marwar3,36.336
5574,343866.wav,1,15-15,marwar3,170.9191875
5575,343864.wav,1,15,marwar3,311.379625
5576,332341.wav,1,15,marwar3,18.690875
5577,328580.wav,3,15,marwar3,53.2114375
5578,328579.wav,5,15,marwar3,56.9730625
5579,326884.wav,3,15,marwar3,73.457375
5580,326311.wav,5,15,marwar3,327.241
5581,325635.wav,4,15,marwar3,111.7790625
5582,325214.wav,1,15,marwar3,123.938375
5583,324832.wav,1,15,marwar3,68.911
5584,323714.wav,2,15,marwar3,127.5820625
5585,323655.wav,2,15,marwar3,59.0715625
5586,323653.wav,5,15,marwar3,33.22775
5587,321688.wav,3,15,marwar3,31.08575
5588,321306.wav,4,15,marwar3,2.998625
5589,320451.wav,2,15,marwar3,195.013875
5590,320405.wav,2,15,marwar3,153.3126875
5591,320103.wav,4,15,marwar3,52.53225
5592,319396.wav,5,15,marwar3,391.680375
5593,319351.wav,1,15,marwar3,87.54525
5594,318873.wav,5,15,marwar3,390.4
5595,318229.wav,2,15,marwar3,43.9055
5596,318212.wav,5,15,marwar3,151.1215
5597,317852.wav,4,15,marwar3,90.34475
5598,317627.wav,3,15,marwar3,118.4925
5599,317212.wav,4,15,marwar3,390.2955
5600,317211.wav,5,15,marwar3,408.0065625
5601,317209.wav,2,15,marwar3,339.2
5602,316855.wav,3,15,marwar3,120.9730625
5603,309377.wav,3,15,marwar3,53.235875
5604,299122.wav,4,15,marwar3,34.0199375
5605,299121.wav,2,15,marwar3,43.296
5606,293260.wav,1,15,marwar3,42.984
5607,289518.wav,3,15,marwar3,213.3143125
5608,287207.wav,1,15,marwar3,47.3765625
5609,287205.wav,2,15,marwar3,45.5985
5610,287203.wav,4,15,marwar3,30.9730625
5611,287202.wav,2,15,marwar3,42.4899375
5612,287200.wav,4,15,marwar3,49.0840625
5613,287199.wav,4,15,marwar3,16.9598125
5614,287198.wav,3,15,marwar3,16.9598125
5615,287196.wav,4,15,marwar3,123.2746875
5616,283348.wav,2,15,marwar3,865.7643125
5617,283335.wav,2,15,marwar3,699.77025
5618,283220.wav,1,15,marwar3,370.6860625
5619,282371.wav,1,15,marwar3,40.593375
5620,281504.wav,5,15,marwar3,87.118375
5621,279159.wav,2,15,marwar3,9.2143125
5622,264902.wav,3,15,marwar3,63.138
5623,260146.wav,5,15,marwar3,9.744
5624,260136.wav,2,15,marwar3,27.624
5625,260135.wav,4,15,marwar3,22.92
5626,260133.wav,2,15,marwar3,57.48
5627,260132.wav,4,15,marwar3,37.104
5628,256941.wav,3,15,marwar3,40.584
5629,256897.wav,3,15,marwar3,28.2645
5630,256799.wav,4,15,marwar3,65.8025
5631,254855.wav,3,15,marwar3,37.2
5632,254523.wav,1,15,marwar3,83.745
5633,254499.wav,5,15,marwar3,33.64575
5634,253631.wav,4,15,marwar3,78.1845
5635,253218.wav,4,15,marwar3,172.032
5636,252933.wav,5,15,marwar3,37.249
5637,252635.wav,4,15,marwar3,605.649
5638,252609.wav,2,15,marwar3,27.768
5639,252481.wav,1,15,marwar3,227.8149375
5640,252243.wav,4,15,marwar3,226.5106875
5641,252105.wav,4,15,marwar3,236.40925
5642,252060.wav,2,15,marwar3,31.111875
5643,252057.wav,5,15,marwar3,24.529
5644,252056.wav,5,15,marwar3,31.111875
5645,252039.wav,1,15,marwar3,73.22125
5646,251963.wav,2,15,marwar3,70.635125
5647,247885.wav,5,15,marwar3,27.45575
5648,247262.wav,1,15,marwar3,75.768
5649,246661.wav,4,15,marwar3,36.936
5650,246466.wav,5,15,marwar3,251.544
5651,246398.wav,1,15,marwar3,945.792
5652,246292.wav,3,15,marwar3,163.704
5653,245954.wav,1,15,marwar3,552.822875
5654,245953.wav,5,15,marwar3,65.111
5655,245942.wav,3,15,marwar3,108.984
5656,245726.wav,2,15-16,marwar3,21.551
5657,245722.wav,5,15,marwar3,508.125125
5658,245493.wav,2,15,marwar3,96.6414375
5659,241879.wav,1,15,marwar3,39.5356875
5660,240858.wav,2,15,marwar3,49.71875
5661,217888.wav,2,15,marwar3,52.453875
5662,216103.wav,4,15,marwar3,17.7775
5663,211466.wav,4,15,marwar3,123.15575
5664,211033.wav,4,15,marwar3,95.48625
5665,211025.wav,1,15,marwar3,19.56575
5666,209155.wav,2,15,marwar3,103.42325
5667,209154.wav,1,15,marwar3,137.503875
5668,209153.wav,1,15,marwar3,28.7680625
5669,209151.wav,1,15,marwar3,154.339125
5670,209149.wav,4,15,marwar3,51.7135625
5671,200504.wav,1,15,marwar3,28.297
5672,199254.wav,1,15,marwar3,106.737375
5673,198394.wav,2,15,marwar3,106.804375
5674,198325.wav,5,15,marwar3,278.832125
5675,198324.wav,2,15,marwar3,220.3178125
5676,198323.wav,4,15,marwar3,89.2615
5677,198322.wav,4,15,marwar3,211.01825
5678,198256.wav,1,15-10,marwar3,86.95925
5679,195477.wav,4,15,marwar3,1127.955375
5680,193574.wav,4,15,marwar3,9.8220625
5681,193573.wav,5,15,marwar3,41.4040625
5682,193572.wav,2,15,marwar3,61.257125
5683,193353.wav,1,15,marwar3,73.152
5684,192352.wav,5,15,marwar3,30.9521875
5685,190925.wav,2,15,marwar3,131.475375
5686,190715.wav,1,15,marwar3,22.9365625
5687,190140.wav,5,15,marwar3,41.4051875
5688,189886.wav,5,15,marwar3,55.7714375
5689,189751.wav,3,15,marwar3,46.2378125
5690,187728.wav,5,15,marwar3,63.530875
5691,186471.wav,3,15,marwar3,114.70475
5692,186469.wav,2,15,marwar3,128.2623125
5693,183731.wav,1,15-12,marwar3,211.656
5694,183727.wav,5,15-12,marwar3,217.296
5695,183661.wav,1,15-12,marwar3,240.24
5696,181506.wav,1,15-15,marwar3,204.6
5697,181504.wav,1,15-15,marwar3,261.072
5698,181503.wav,2,15-15,marwar3,215.688
5699,181502.wav,1,15,marwar3,15.62125
5700,181501.wav,3,15,marwar3,20.42775
5701,181421.wav,5,15,marwar3,89.350375
5702,181367.wav,1,15,marwar3,119.136
5703,181306.wav,4,15,marwar3,144.670125
5704,181199.wav,3,15,marwar3,253.3355
5705,180435.wav,2,15,marwar3,370.6938125
5706,180410.wav,2,15,marwar3,88.7856875
5707,180375.wav,5,15,marwar3,33.528
5708,180373.wav,5,15,marwar3,34.464
5709,180372.wav,2,15,marwar3,32.52
5710,180370.wav,2,15,marwar3,26.232
5711,180171.wav,3,15,marwar3,214.12575
5712,180132.wav,1,15,marwar3,71.62775
5713,180130.wav,4,15,marwar3,71.62775
5714,180067.wav,2,15,marwar3,88.386625
5715,179762.wav,2,15,marwar3,116.167625
5716,179610.wav,1,15,marwar3,153.46475
5717,179520.wav,4,15,marwar3,54.3900625
5718,179151.wav,2,15,marwar3,52.506125
5719,179150.wav,3,15,marwar3,25.54775
5720,177531.wav,4,15,marwar3,42.5265625
5721,176550.wav,1,15,marwar3,71.0791875
5722,165917.wav,4,15,marwar3,35.88
5723,153172.wav,2,15,marwar3,145.848
5724,151506.wav,1,15,marwar3,45.888
5725,142748.wav,5,15,marwar3,105.718625
5726,142432.wav,4,15,marwar3,125.7645625
5727,141192.wav,4,15,marwar3,69.432
5728,139981.wav,5,15,marwar3,91.416
5729,139379.wav,1,15,marwar3,40.25575
5730,138104.wav,1,15,marwar3,114.660125
5731,136666.wav,1,15,marwar3,114.9126875
5732,136203.wav,3,15,marwar3,99.432
5733,136202.wav,3,15,marwar3,83.136
5734,136080.wav,4,15,marwar3,260.4144375
5735,135929.wav,3,15,marwar3,91.7400625
5736,135924.wav,2,15,marwar3,32.5425625
5737,133971.wav,2,15,marwar3,37.053375
5738,133970.wav,5,15,marwar3,90.9980625
5739,113692.wav,2,15,marwar3,132.7543125
5740,110361.wav,2,15,marwar3,59.3240625
5741,106871.wav,2,15,marwar3,30.6155
5742,105115.wav,2,15,marwar3,49.76325
5743,103579.wav,4,15,marwar3,105.195125
5744,103413.wav,3,15,marwar3,91.416
5745,103214.wav,3,15,marwar3,20.558375
5746,103213.wav,1,15,marwar3,175.647375
5747,103072.wav,3,15,marwar3,109.6955
5748,102982.wav,3,15,marwar3,126.798375
5749,102004.wav,1,15,marwar3,77.035125
5750,102003.wav,2,15,marwar3,62.0669375
5751,101776.wav,1,15,marwar3,116.235625
5752,101026.wav,4,15,marwar3,86.2770625
5753,91364.wav,4,15-15,marwar3,93.309375
5754,91363.wav,5,15-15,marwar3,112.509375
5755,91146.wav,3,15,marwar3,125.49225
5756,89963.wav,4,15,marwar3,71.810625
5757,89906.wav,1,15,marwar3,143.778
5758,89808.wav,2,15,marwar3,51.35675
5759,89807.wav,3,15,marwar3,64.1045
5760,89805.wav,1,15,marwar3,41.6653125
5761,89804.wav,4,15,marwar3,41.6653125
5762,89800.wav,4,15,marwar3,37.9559375
5763,89797.wav,1,15,marwar3,40.881625
5764,89796.wav,2,15,marwar3,63.7649375
5765,89783.wav,2,15,marwar3,63.6865625
5766,89197.wav,5,15,marwar3,27.6114375
5767,87107.wav,2,15,marwar3,23.19675
5768,84152.wav,5,15,marwar3,124.0555
5769,83587.wav,3,15,marwar3,39.471
5770,83201.wav,3,15,marwar3,56.4245
5771,81340.wav,2,15,marwar3,99.0040625
5772,79869.wav,3,15,marwar3,69.9298125
5773,74606.wav,3,15,marwar3,107.493875
5774,67204.wav,3,15,marwar3,25.99475
5775,67198.wav,5,15,marwar3,13.1349375
5776,67197.wav,1,15,marwar3,95.8005625
5777,62081.wav,2,15,marwar3,31.2685625
5778,62076.wav,3,15,marwar3,10.8408125
5779,56801.wav,1,15,marwar3,105.4499375
5780,54510.wav,3,15,marwar3,11.337125
5781,50647.wav,3,15,marwar3,101.995375
5782,38223.wav,5,15-15,marwar3,114.207375
5783,35992.wav,1,15,marwar3,131.436
5784,35207.wav,2,15,marwar3,57.7045
5785,29644.wav,5,15,marwar3,161.8024375
5786,29164.wav,5,15,marwar3,51.2
5787,25455.wav,2,15,marwar3,106.8408125
5788,24803.wav,4,15-15,marwar3,125.779625
5789,699196.wav,5,15,marwar3,328.0269375
5790,699173.wav,2,15,marwar3,696.28
5791,697057.wav,3,15,marwar3,9.526
5792,696150.wav,1,15,marwar3,18.8081875
5793,692243.wav,3,15,marwar3,35.932875
5794,690390.wav,5,15,marwar3,137.813375
5795,673142.wav,4,15,marwar3,90.2561875
5796,671444.wav,2,15,marwar3,14.8555625
5797,664570.wav,1,15,marwar3,20.354125
5798,663618.wav,4,15,marwar3,66.8984375
5799,662419.wav,2,15,marwar3,21.507
5800,659771.wav,2,15,marwar3,146.176
5801,659731.wav,1,15,marwar3,145.5946875
5802,659721.wav,4,15,marwar3,132.941625
5803,659458.wav,1,15,marwar3,241.800375
5804,658234.wav,1,15,marwar3,222.9766875
5805,657600.wav,2,15,marwar3,146.744375
5806,657230.wav,3,15,marwar3,55.250625
5807,656471.wav,2,15-17,marwar3,121.760375
5808,656273.wav,5,15,marwar3,107.346
5809,656180.wav,2,15,marwar3,26.7946875
5810,656137.wav,3,15,marwar3,107.0016875
5811,656136.wav,2,15,marwar3,114.811375
5812,656134.wav,2,15,marwar3,50.1621875
5813,655780.wav,1,15,marwar3,152.2361875
5814,655720.wav,2,15,marwar3,35.84
5815,654970.wav,3,15,marwar3,80.3178125
5816,654897.wav,5,15,marwar3,124.8555
5817,654576.wav,1,15,marwar3,42.997375
5818,654512.wav,1,15,marwar3,384.0970625
5819,654508.wav,4,15,marwar3,37.8785
5820,654507.wav,3,15,marwar3,142.9513125
5821,654506.wav,3,15,marwar3,126.0765
5822,654505.wav,1,15,marwar3,70.194875
5823,654504.wav,3,15,marwar3,8.018
5824,654503.wav,5,15,marwar3,57.73175
5825,654308.wav,3,15,marwar3,1.54125
5826,654190.wav,2,15,marwar3,19.957625
5827,654188.wav,5,15,marwar3,15.6708125
5828,654187.wav,2,15,marwar3,18.7790625
5829,654186.wav,5,15,marwar3,12.5625625
5830,654185.wav,5,15,marwar3,31.2250625
5831,654164.wav,4,15,marwar3,44.2538125
5832,653906.wav,5,15,marwar3,220.533875
5833,653522.wav,1,15,marwar3,24.699875
5834,653197.wav,3,15,marwar3,144.0239375
5835,635000.wav,4,15,marwar3,32.134
5836,633098.wav,3,15,marwar3,26.6725625
5837,633097.wav,5,15,marwar3,20.1019375
5838,628106.wav,1,15,marwar3,84.1183125
5839,625650.wav,1,15,marwar3,53.3866875
5840,625018.wav,2,15,marwar3,22.0620625
5841,614995.wav,3,15,marwar3,34.392
5842,613427.wav,5,15,marwar3,397.438125
5843,611686.wav,2,15,marwar3,11.7545625
5844,610024.wav,4,15,marwar3,12.4183125
5845,598084.wav,3,15-17,marwar3,184.248
5846,598080.wav,4,15,marwar3,181.7174375
5847,585385.wav,2,15,marwar3,162.951875
5848,578967.wav,3,15,marwar3,28.856375
5849,578966.wav,5,15,marwar3,5.57575
5850,578964.wav,5,15,marwar3,26.1643125
5851,578963.wav,5,15,marwar3,4.742375
5852,577610.wav,5,15,marwar3,378.0186875
5853,577608.wav,3,15,marwar3,100.65175
5854,577607.wav,2,15,marwar3,346.5094375
5855,575159.wav,2,15,marwar3,39.0260625
5856,571952.wav,3,15,marwar3,33.489
5857,568257.wav,1,15,marwar3,154.6449375
5858,567523.wav,3,15,marwar3,41.7959375
5859,567516.wav,1,15,marwar3,227.99675
5860,566846.wav,1,15,marwar3,132.332625
5861,566276.wav,5,15,marwar3,162.4106875
5862,566010.wav,1,15,marwar3,61.779625
5863,565414.wav,2,15,marwar3,252.447375
5864,563765.wav,3,15,marwar3,60.0
5865,563095.wav,5,15,marwar3,50.4
5866,562658.wav,2,15,marwar3,240.136
5867,562214.wav,3,15,marwar3,1648.75425
5868,562213.wav,3,15,marwar3,2062.33525
5869,562212.wav,3,15,marwar3,429.8251875
5870,561759.wav,1,15,marwar3,45.9135625
5871,561756.wav,4,15,marwar3,6.4548125
5872,561753.wav,4,15,marwar3,10.5660625
5873,561749.wav,1,15,marwar3,138.687625
5874,561745.wav,5,15,marwar3,65.3115625
5875,561743.wav,3,15,marwar3,71.05425
5876,558881.wav,4,15,marwar3,29.568
5877,546990.wav,2,15,marwar3,56.4554375
5878,535749.wav,1,15,marwar3,30.7720625
5879,534852.wav,4,15,marwar3,26.5
5880,532768.wav,1,15,marwar3,3.12675
5881,530802.wav,2,15,marwar3,15.436625
5882,526311.wav,1,15,marwar3,48.50125
5883,526309.wav,1,15,marwar3,78.734625
5884,522859.wav,5,15,marwar3,12.280125
5885,510488.wav,2,15,marwar3,64.0
5886,491680.wav,2,15,marwar3,113.3053125
5887,486904.wav,1,15,marwar3,186.2530625
5888,486727.wav,1,15,marwar3,22.961625
5889,486061.wav,4,15,marwar3,104.6465625
5890,484839.wav,5,15,marwar3,66.1681875
5891,484838.wav,5,15,marwar3,26.958375
5892,484609.wav,4,15,marwar3,14.6285625
5893,484595.wav,4,15,marwar3,176.666125
5894,484036.wav,3,15,marwar3,209.4498125
5895,484035.wav,4,15,marwar3,30.2498125
5896,483240.wav,5,15,marwar3,81.3453125
5897,483100.wav,3,15,marwar3,51.400125
5898,482458.wav,3,15,marwar3,14.9681875
5899,482069.wav,5,15,marwar3,58.2915625
5900,482068.wav,3,15,marwar3,22.45425
5901,481285.wav,4,15,marwar3,49.058
5902,481174.wav,2,15,marwar3,50.9649375
5903,479754.wav,2,15,marwar3,16.4693125
5904,479610.wav,4,15,marwar3,237.36
5905,478587.wav,4,15,marwar3,8.62625
5906,478474.wav,2,15,marwar3,68.544
5907,478280.wav,2,15,marwar3,122.749375
5908,477903.wav,2,15,marwar3,148.662875
5909,477671.wav,5,15,marwar3,67.2914375
5910,476940.wav,2,15,marwar3,32.832
5911,461775.wav,4,15,marwar3,10.2249375
5912,460505.wav,1,15,marwar3,38.3851875
5913,454470.wav,3,15,marwar3,52.63675
5914,450945.wav,3,15,marwar3,41.268875
5915,441272.wav,5,15,marwar3,31.687625
5916,428702.wav,1,15,marwar3,76.056
5917,426149.wav,2,15,marwar3,295.6020625
5918,420065.wav,2,15,marwar3,140.806625
5919,419825.wav,5,15,marwar3,56.398375
5920,419733.wav,5,15,marwar3,23.736
5921,418753.wav,4,15,marwar3,39.0239375
5922,418495.wav,3,15,marwar3,96.182875
5923,417803.wav,4,15,marwar3,24.288
5924,417292.wav,2,15,marwar3,33.489
5925,416947.wav,3,15,marwar3,17.712125
5926,415930.wav,2,15,marwar3,31.3349375
5927,415929.wav,5,15,marwar3,45.3626875
5928,415647.wav,1,15,marwar3,73.142875
5929,399557.wav,3,15,marwar3,95.7778125
5930,395995.wav,4,15,marwar3,386.2204375
5931,394665.wav,1,15,marwar3,82.2384375
5932,394620.wav,1,15,marwar3,45.035125
5933,385578.wav,4,15,marwar3,13.1135
5934,382280.wav,4,15,marwar3,72.8555
5935,382279.wav,2,15,marwar3,56.0169375
5936,374392.wav,4,15-17,marwar3,67.256625
5937,374348.wav,2,15,marwar3,90.2369375
5938,373563.wav,5,15,marwar3,75.136
5939,372389.wav,4,15,marwar3,302.289
5940,372387.wav,4,15,marwar3,81.3975625
5941,335308.wav,1,15,marwar3,25.835125
5942,335306.wav,4,15,marwar3,29.831875
5943,335305.wav,2,15,marwar3,23.6930625
5944,332342.wav,1,15,marwar3,18.879
5945,328601.wav,2,15,marwar3,45.2701875
5946,327303.wav,3,15,marwar3,33.64575
5947,325467.wav,5,15,marwar3,30.850625
5948,324193.wav,1,15,marwar3,30.864
5949,323624.wav,4,15,marwar3,29.1555625
5950,319658.wav,1,15,marwar3,29.978625
5951,306230.wav,4,15,marwar3,57.096
5952,305053.wav,3,15,marwar3,55.30125
5953,281497.wav,2,15,marwar3,125.49225
5954,261493.wav,5,15,marwar3,20.064
5955,261492.wav,1,15,marwar3,14.28
5956,260144.wav,4,15,marwar3,8.544
5957,255719.wav,4,15,marwar3,60.912
5958,253121.wav,3,15,marwar3,124.52575
5959,248058.wav,4,15,marwar3,89.0253125
5960,248057.wav,1,15,marwar3,211.435125
5961,246660.wav,5,15,marwar3,22.368
5962,246435.wav,3,15,marwar3,31.3208125
5963,246434.wav,3,15,marwar3,28.16
5964,211276.wav,1,15,marwar3,36.4046875
5965,209152.wav,5,15,marwar3,30.0805625
5966,200451.wav,5,15,marwar3,116.0098125
5967,199291.wav,5,15,marwar3,48.223125
5968,194056.wav,2,15,marwar3,126.693875
5969,194053.wav,1,15,marwar3,10.9975625
5970,193354.wav,3,15,marwar3,204.156
5971,189752.wav,1,15,marwar3,30.22475
5972,182354.wav,4,15,marwar3,167.341
5973,182122.wav,3,15,marwar3,58.0789375
5974,180631.wav,3,15,marwar3,224.8098125
5975,179602.wav,1,15,marwar3,89.183125
5976,179152.wav,3,15,marwar3,23.40575
5977,176549.wav,1,15,marwar3,99.0301875
5978,161941.wav,4,15,marwar3,38.1126875
5979,152698.wav,5,15,marwar3,24.24
5980,151533.wav,4,15,marwar3,13.464
5981,149261.wav,4,15,marwar3,107.78125
5982,143206.wav,3,15,marwar3,55.5363125
5983,139010.wav,5,15,marwar3,26.3314375
5984,138889.wav,5,15,marwar3,163.2653125
5985,138799.wav,3,15,marwar3,59.298
5986,138749.wav,4,15,marwar3,106.8146875
5987,136246.wav,3,15,marwar3,42.405
5988,135389.wav,2,15,marwar3,107.755125
5989,107394.wav,2,15,marwar3,88.9208125
5990,106173.wav,3,15,marwar3,46.5501875
5991,103212.wav,3,15,marwar3,89.809
5992,94471.wav,2,15,marwar3,65.671875
5993,89795.wav,2,15,marwar3,35.1346875
5994,86031.wav,4,15,marwar3,10.008
5995,84153.wav,5,15,marwar3,113.97225
5996,34608.wav,2,15-10,marwar3,174.6546875
5997,34184.wav,5,15,marwar3,42.631875
5998,28933.wav,1,15,marwar3,113.3453125
5999,699194.wav,4,15,marwar3,134.81
6000,678929.wav,3,15,marwar3,24.52
6001,674386.wav,2,15,marwar3,21.3333125
6002,665326.wav,2,15,marwar3,19.797375
6003,665324.wav,3,15,marwar3,101.7745625
6004,655082.wav,4,15,marwar3,65.3653125
6005,653740.wav,1,15,marwar3,96.9408125
6006,636366.wav,2,15,marwar3,26.468
6007,627954.wav,2,15,marwar3,30.31225
6008,627424.wav,1,15,marwar3,11.9044375
6009,618618.wav,2,15,marwar3,25.5245
6010,615737.wav,5,15,marwar3,37.012625
6011,613498.wav,1,15,marwar3,72.5826875
6012,700787.wav,4,16,sedwar1,114.9109375
6013,699416.wav,3,16,sedwar1,82.055
6014,697394.wav,1,16,sedwar1,21.577
6015,696900.wav,2,16,sedwar1,211.6963125
6016,694960.wav,2,16,sedwar1,89.790125
6017,692707.wav,1,16,sedwar1,26.379375
6018,692043.wav,5,16,sedwar1,30.4278125
6019,692041.wav,4,16,sedwar1,112.3775625
6020,691427.wav,3,16,sedwar1,68.4575
6021,690701.wav,3,16,sedwar1,513.29225
6022,688940.wav,2,16,sedwar1,34.614375
6023,688937.wav,5,16,sedwar1,30.872875
6024,688068.wav,4,16,sedwar1,25.5
6025,688067.wav,3,16,sedwar1,137.3333125
6026,688065.wav,3,16,sedwar1,12.0
6027,688063.wav,2,16,sedwar1,103.284
6028,687319.wav,4,16,sedwar1,305.0
6029,687316.wav,5,16,sedwar1,50.0
6030,687315.wav,1,16,sedwar1,43.5
6031,687314.wav,5,16,sedwar1,6.5
6032,687313.wav,2,16,sedwar1,103.5
6033,687312.wav,2,16,sedwar1,63.0
6034,687311.wav,2,16,sedwar1,59.052
6035,679532.wav,1,16,sedwar1,10.611875
6036,672753.wav,1,16,sedwar1,143.2555
6037,672751.wav,4,16,sedwar1,25.35275
6038,672749.wav,3,16,sedwar1,18.769375
6039,672748.wav,4,16,sedwar1,34.562875
6040,672434.wav,5,16-16,sedwar1,24.6036875
6041,671747.wav,3,16,sedwar1,129.006625
6042,671746.wav,5,16,sedwar1,299.6215625
6043,671745.wav,3,16,sedwar1,387.8545
6044,671744.wav,1,16,sedwar1,309.101375
6045,671742.wav,1,16,sedwar1,524.04025
6046,669847.wav,5,16-16-17,sedwar1,20.9991875
6047,669846.wav,4,16-16-17,sedwar1,75.1045625
6048,669844.wav,3,16-16,sedwar1,110.3439375
6049,667968.wav,4,16,sedwar1,11.6016875
6050,667966.wav,4,16,sedwar1,21.148625
6051,667874.wav,3,16,sedwar1,50.8516875
6052,667174.wav,5,16,sedwar1,67.23875
6053,666952.wav,1,16,sedwar1,376.536375
6054,666929.wav,4,16,sedwar1,98.1279375
6055,666927.wav,4,16,sedwar1,50.2944375
6056,666832.wav,2,16,sedwar1,83.591875
6057,666814.wav,5,16,sedwar1,65.124875
6058,666813.wav,1,16,sedwar1,11.11125
6059,666707.wav,4,16,sedwar1,16.30825
6060,666093.wav,5,16,sedwar1,69.62
6061,664785.wav,5,16,sedwar1,166.824
6062,663333.wav,5,16,sedwar1,16.475
6063,662961.wav,2,16,sedwar1,67.968375
6064,661880.wav,5,16,sedwar1,101.4710625
6065,661402.wav,2,16,sedwar1,129.468125
6066,660697.wav,4,16,sedwar1,141.109
6067,660358.wav,2,16,sedwar1,80.7818125
6068,660357.wav,4,16,sedwar1,368.0929375
6069,659607.wav,1,16,sedwar1,16.6344375
6070,659241.wav,1,16,sedwar1,42.545
6071,658446.wav,2,16,sedwar1,44.9509375
6072,658345.wav,5,16,sedwar1,38.0956875
6073,657270.wav,2,16,sedwar1,45.6
6074,656774.wav,1,16,sedwar1,170.2091875
6075,656734.wav,2,16,sedwar1,50.6916875
6076,656464.wav,3,16,sedwar1,30.625
6077,656463.wav,1,16,sedwar1,153.73
6078,656462.wav,1,16,sedwar1,1525.037
6079,656460.wav,1,16,sedwar1,161.848
6080,656375.wav,5,16,sedwar1,77.473625
6081,656351.wav,4,16-15,sedwar1,372.9849375
6082,656283.wav,1,16,sedwar1,12.0523125
6083,656280.wav,4,16,sedwar1,70.9745
6084,656163.wav,5,16,sedwar1,102.275875
6085,655592.wav,1,16,sedwar1,314.136
6086,655531.wav,3,16,sedwar1,57.2604375
6087,655464.wav,4,16,sedwar1,58.8001875
6088,654688.wav,1,16,sedwar1,115.2921875
6089,654183.wav,2,16,sedwar1,100.4538125
6090,653278.wav,2,16,sedwar1,287.6814375
6091,652955.wav,3,16,sedwar1,79.6399375
6092,652103.wav,2,16,sedwar1,13.653375
6093,652102.wav,2,16,sedwar1,104.3666875
6094,651505.wav,5,16,sedwar1,57.176
6095,651257.wav,1,16,sedwar1,87.6
6096,650713.wav,5,16,sedwar1,22.572
6097,650664.wav,2,16,sedwar1,216.468375
6098,650654.wav,2,16,sedwar1,20.844
6099,650460.wav,3,16,sedwar1,63.252
6100,650256.wav,1,16,sedwar1,58.5143125
6101,650211.wav,2,16,sedwar1,97.868
6102,650010.wav,4,16,sedwar1,45.0
6103,649576.wav,1,16,sedwar1,86.2563125
6104,649022.wav,1,16,sedwar1,90.801625
6105,648983.wav,2,16,sedwar1,47.62125
6106,648586.wav,5,16,sedwar1,54.5015
6107,648585.wav,2,16,sedwar1,148.098375
6108,648546.wav,1,16,sedwar1,29.16425
6109,648545.wav,3,16,sedwar1,44.13175
6110,648544.wav,4,16,sedwar1,140.387875
6111,648541.wav,5,16,sedwar1,49.4265625
6112,648536.wav,2,16,sedwar1,187.999875
6113,648535.wav,2,16,sedwar1,200.9216875
6114,648532.wav,4,16,sedwar1,74.3246875
6115,648511.wav,4,16,sedwar1,90.1863125
6116,648510.wav,3,16,sedwar1,44.922875
6117,648509.wav,5,16,sedwar1,42.922125
6118,648508.wav,2,16,sedwar1,51.68775
6119,648470.wav,1,16,sedwar1,127.245375
6120,648442.wav,2,16,sedwar1,400.768875
6121,648441.wav,3,16,sedwar1,194.3045625
6122,648440.wav,3,16,sedwar1,49.8338125
6123,648434.wav,3,16,sedwar1,158.917375
6124,648193.wav,4,16,sedwar1,9.385
6125,647887.wav,4,16,sedwar1,36.28925
6126,647390.wav,4,16,sedwar1,22.02125
6127,647249.wav,3,16-17,sedwar1,31.764
6128,647248.wav,2,16-17,sedwar1,79.103375
6129,647221.wav,5,16,sedwar1,84.36
6130,647219.wav,5,16,sedwar1,26.736
6131,645045.wav,5,16,sedwar1,53.61575
6132,645040.wav,2,16-16,sedwar1,83.6535
6133,645008.wav,1,16,sedwar1,134.206875
6134,644985.wav,1,16,sedwar1,158.81525
6135,644872.wav,5,16,sedwar1,19.663125
6136,644824.wav,3,16,sedwar1,6.2708125
6137,644691.wav,4,16,sedwar1,48.3265625
6138,644428.wav,1,16,sedwar1,38.07275
6139,644416.wav,2,16,sedwar1,48.5895625
6140,643827.wav,2,16,sedwar1,675.6999375
6141,643611.wav,3,16,sedwar1,53.733875
6142,643336.wav,5,16,sedwar1,69.6946875
6143,643143.wav,2,16,sedwar1,62.1501875
6144,643142.wav,1,16,sedwar1,162.9800625
6145,642758.wav,5,16,sedwar1,77.139625
6146,642442.wav,4,16,sedwar1,138.096
6147,641335.wav,1,16,sedwar1,19.1953125
6148,640457.wav,1,16,sedwar1,44.669375
6149,640451.wav,1,16,sedwar1,84.42775
6150,640449.wav,1,16,sedwar1,122.1485625
6151,640447.wav,4,16,sedwar1,51.069375
6152,640025.wav,4,16,sedwar1,6.5314375
6153,640009.wav,1,16,sedwar1,48.9041875
6154,639584.wav,2,16,sedwar1,11.5965
6155,639583.wav,2,16,sedwar1,72.281
6156,638720.wav,5,16,sedwar1,30.1534375
6157,638044.wav,3,16,sedwar1,7.7938125
6158,635352.wav,2,16,sedwar1,61.321625
6159,635108.wav,5,16,sedwar1,336.2150625
6160,632826.wav,3,16,sedwar1,120.09925
6161,632448.wav,3,16,sedwar1,10.685625
6162,632447.wav,3,16,sedwar1,51.0200625
6163,630913.wav,3,16,sedwar1,31.140625
6164,630550.wav,1,16,sedwar1,76.8358125
6165,620725.wav,2,16,sedwar1,107.156
6166,618116.wav,3,16,sedwar1,4.511375
6167,618101.wav,4,16,sedwar1,21.1355
6168,616123.wav,2,16,sedwar1,12.7396875
6169,616047.wav,1,16,sedwar1,136.2540625
6170,613782.wav,1,16,sedwar1,14.260625
6171,613772.wav,2,16-14,sedwar1,54.5725
6172,613407.wav,1,16,sedwar1,108.9856875
6173,602142.wav,3,16,sedwar1,18.024
6174,602138.wav,4,16,sedwar1,71.232
6175,596507.wav,4,16,sedwar1,191.385
6176,591491.wav,4,16,sedwar1,71.1
6177,585770.wav,3,16,sedwar1,119.7348125
6178,584360.wav,3,16,sedwar1,27.8486875
6179,584359.wav,1,16,sedwar1,55.373125
6180,584358.wav,2,16-17,sedwar1,66.7401875
6181,582310.wav,5,16-17,sedwar1,95.8611875
6182,582300.wav,2,16,sedwar1,92.9035
6183,582292.wav,3,16,sedwar1,25.3214375
6184,582286.wav,3,16,sedwar1,65.010125
6185,582272.wav,4,16,sedwar1,76.870875
6186,577623.wav,1,16,sedwar1,47.63475
6187,577622.wav,1,16,sedwar1,173.0056875
6188,574964.wav,3,16,sedwar1,35.49775
6189,574639.wav,2,16,sedwar1,7.5696875
6190,574154.wav,5,16,sedwar1,678.9515
6191,573662.wav,4,16,sedwar1,45.803125
6192,573421.wav,4,16,sedwar1,167.7409375
6193,573398.wav,4,16,sedwar1,100.25775
6194,571891.wav,2,16,sedwar1,37.752
6195,571890.wav,5,16-10,sedwar1,41.04
6196,571835.wav,5,16-10,sedwar1,141.84
6197,571834.wav,4,16,sedwar1,140.736
6198,571498.wav,4,16,sedwar1,90.296
6199,571288.wav,3,16,sedwar1,39.2958125
6200,571281.wav,2,16,sedwar1,160.1621875
6201,571114.wav,3,16,sedwar1,28.0223125
6202,570580.wav,3,16,sedwar1,222.1453125
6203,569666.wav,5,16,sedwar1,21.6555
6204,568866.wav,4,16,sedwar1,76.8358125
6205,568865.wav,5,16,sedwar1,96.834125
6206,568810.wav,2,16,sedwar1,9.740625
6207,566053.wav,3,16,sedwar1,48.2195625
6208,565542.wav,2,16,sedwar1,193.1535
6209,564615.wav,3,16,sedwar1,94.850625
6210,564246.wav,3,16,sedwar1,25.7391875
6211,563700.wav,3,16,sedwar1,368.2126875
6212,563699.wav,5,16,sedwar1,354.51875
6213,561855.wav,3,16,sedwar1,71.316875
6214,561627.wav,4,16,sedwar1,26.410875
6215,561609.wav,2,16,sedwar1,56.502875
6216,561543.wav,4,16,sedwar1,164.6298125
6217,561266.wav,4,16,sedwar1,56.086
6218,560867.wav,3,16,sedwar1,131.9893125
6219,560639.wav,2,16,sedwar1,0.9073125
6220,560604.wav,2,16,sedwar1,140.0395625
6221,560077.wav,5,16,sedwar1,48.9221875
6222,560013.wav,4,16,sedwar1,245.502625
6223,559842.wav,5,16,sedwar1,70.8555625
6224,559738.wav,2,16,sedwar1,43.656
6225,559735.wav,2,16,sedwar1,46.992
6226,559734.wav,4,16,sedwar1,114.96
6227,559445.wav,1,16,sedwar1,202.3056875
6228,559234.wav,2,16,sedwar1,63.072
6229,557995.wav,3,16,sedwar1,76.7539375
6230,557994.wav,3,16,sedwar1,143.4668125
6231,557486.wav,5,16,sedwar1,116.401625
6232,555249.wav,3,16,sedwar1,297.557875
6233,555040.wav,3,16,sedwar1,71.784
6234,555038.wav,4,16,sedwar1,41.04
6235,554626.wav,4,16-16,sedwar1,487.446
6236,553813.wav,4,16,sedwar1,179.278375
6237,553048.wav,4,16,sedwar1,96.5891875
6238,551439.wav,5,16,sedwar1,235.337125
6239,550202.wav,4,16,sedwar1,27.84
6240,546825.wav,2,16,sedwar1,161.22775
6241,545250.wav,1,16,sedwar1,109.4906875
6242,542344.wav,4,16,sedwar1,33.043375
6243,530714.wav,3,16,sedwar1,79.8416875
6244,520024.wav,2,16,sedwar1,110.02775
6245,502099.wav,2,16,sedwar1,281.52
6246,501866.wav,5,16,sedwar1,124.317
6247,501864.wav,4,16,sedwar1,65.599125
6248,501862.wav,1,16,sedwar1,32.360125
6249,501767.wav,3,16,sedwar1,32.12025
6250,500402.wav,3,16,sedwar1,91.483
6251,497786.wav,2,16,sedwar1,28.4765
6252,492794.wav,2,16,sedwar1,134.1126875
6253,488264.wav,5,16-17-16,sedwar1,43.518
6254,487069.wav,4,16,sedwar1,159.9989375
6255,486104.wav,3,16,sedwar1,75.914
6256,486100.wav,1,16,sedwar1,290.045
6257,485382.wav,5,16,sedwar1,67.701
6258,484020.wav,5,16,sedwar1,303.0375
6259,484018.wav,5,16,sedwar1,149.318
6260,484017.wav,5,16,sedwar1,188.4168125
6261,483858.wav,3,16,sedwar1,211.0800625
6262,483789.wav,1,16,sedwar1,54.7124375
6263,483404.wav,1,16,sedwar1,112.16625
6264,480683.wav,4,16,sedwar1,19.4285625
6265,478742.wav,3,16,sedwar1,177.6849375
6266,478741.wav,5,16,sedwar1,318.1714375
6267,478302.wav,3,16,sedwar1,32.2831875
6268,477620.wav,5,16,sedwar1,53.4344375
6269,477619.wav,3,16,sedwar1,9.51775
6270,477288.wav,3,16,sedwar1,136.821875
6271,477287.wav,4,16,sedwar1,78.130375
6272,476545.wav,4,16,sedwar1,56.9991875
6273,476429.wav,2,16,sedwar1,64.600875
6274,475885.wav,3,16,sedwar1,15.647375
6275,475675.wav,4,16,sedwar1,7.967375
6276,475528.wav,4,16-10,sedwar1,166.64875
6277,475501.wav,4,16,sedwar1,95.448
6278,475498.wav,4,16,sedwar1,30.384
6279,475497.wav,4,16,sedwar1,82.512
6280,475486.wav,1,16,sedwar1,51.264
6281,474705.wav,4,16,sedwar1,155.028
6282,474683.wav,2,16,sedwar1,100.752
6283,474334.wav,3,16,sedwar1,45.95575
6284,473782.wav,3,16,sedwar1,51.888
6285,473781.wav,1,16,sedwar1,66.072
6286,473773.wav,3,16,sedwar1,120.288
6287,473725.wav,1,16,sedwar1,53.352
6288,472040.wav,3,16,sedwar1,66.2769375
6289,472039.wav,5,16,sedwar1,159.534625
6290,472038.wav,5,16,sedwar1,169.793875
6291,471011.wav,1,16,sedwar1,57.06
6292,471010.wav,4,16,sedwar1,22.968
6293,470450.wav,3,16,sedwar1,102.1269375
6294,468569.wav,4,16,sedwar1,91.2428125
6295,468297.wav,5,16,sedwar1,347.60475
6296,468296.wav,5,16,sedwar1,45.0239375
6297,468295.wav,1,16,sedwar1,50.001375
6298,468294.wav,5,16,sedwar1,71.1496875
6299,468022.wav,1,16,sedwar1,54.675375
6300,467968.wav,3,16,sedwar1,70.123375
6301,464117.wav,1,16,sedwar1,43.488875
6302,456605.wav,4,16,sedwar1,120.47675
6303,448686.wav,1,16,sedwar1,250.3836875
6304,447312.wav,4,16,sedwar1,93.7246875
6305,432115.wav,2,16,sedwar1,24.577125
6306,425705.wav,2,16,sedwar1,32.3425
6307,424575.wav,2,16,sedwar1,91.1759375
6308,421708.wav,3,16,sedwar1,73.704
6309,421706.wav,5,16,sedwar1,21.792
6310,421704.wav,2,16,sedwar1,73.68
6311,420630.wav,4,16-17,sedwar1,137.5801875
6312,420467.wav,1,16,sedwar1,27.951
6313,418805.wav,4,16,sedwar1,318.746125
6314,417829.wav,5,16,sedwar1,280.873
6315,417616.wav,2,16,sedwar1,66.6655625
6316,417243.wav,3,16,sedwar1,584.52
6317,415175.wav,3,16,sedwar1,72.809
6318,415174.wav,5,16,sedwar1,232.326
6319,415173.wav,1,16,sedwar1,72.809
6320,414736.wav,5,16,sedwar1,234.106
6321,414168.wav,4,16-16-10,sedwar1,520.608
6322,411683.wav,4,16,sedwar1,40.980125
6323,411469.wav,4,16,sedwar1,163.657125
6324,410874.wav,1,16,sedwar1,103.446
6325,410873.wav,5,16,sedwar1,49.11125
6326,409786.wav,1,16,sedwar1,153.9756875
6327,401798.wav,3,16,sedwar1,90.475375
6328,400540.wav,4,16,sedwar1,103.1636875
6329,393062.wav,4,16,sedwar1,41.142875
6330,393061.wav,3,16,sedwar1,44.2253125
6331,387655.wav,5,16,sedwar1,23.7191875
6332,383767.wav,4,16,sedwar1,13.5413125
6333,377958.wav,5,16,sedwar1,260.3101875
6334,377104.wav,2,16,sedwar1,54.2235625
6335,377101.wav,3,16-17,sedwar1,41.31325
6336,374567.wav,1,16,sedwar1,38.183
6337,373114.wav,4,16,sedwar1,170.567625
6338,370230.wav,1,16,sedwar1,35.783125
6339,366631.wav,3,16,sedwar1,110.9994375
6340,366307.wav,4,16,sedwar1,164.542
6341,365908.wav,3,16,sedwar1,70.45975
6342,363660.wav,4,16,sedwar1,107.81025
6343,363416.wav,3,16,sedwar1,207.0204375
6344,362949.wav,2,16,sedwar1,141.989125
6345,347276.wav,1,16,sedwar1,5.3424375
6346,347273.wav,1,16,sedwar1,12.581375
6347,341930.wav,4,16,sedwar1,242.28575
6348,341929.wav,5,16,sedwar1,134.791875
6349,332874.wav,4,16,sedwar1,21.1445625
6350,332873.wav,4,16,sedwar1,16.7735625
6351,332746.wav,5,16,sedwar1,97.0025625
6352,320683.wav,5,16,sedwar1,240.568375
6353,319673.wav,1,16,sedwar1,144.55075
6354,317838.wav,2,16,sedwar1,37.3568125
6355,317522.wav,4,16,sedwar1,344.7278125
6356,315367.wav,1,16,sedwar1,290.04
6357,315229.wav,1,16,sedwar1,30.93125
6358,314835.wav,4,16,sedwar1,63.2848125
6359,314447.wav,1,16,sedwar1,145.032
6360,314151.wav,1,16-10,sedwar1,33.504
6361,313140.wav,5,16,sedwar1,71.294375
6362,312503.wav,2,16,sedwar1,35.7611875
6363,312495.wav,5,16,sedwar1,86.722375
6364,311009.wav,4,16,sedwar1,90.0701875
6365,302020.wav,1,16-16,sedwar1,61.6888125
6366,300905.wav,5,16,sedwar1,82.873
6367,294711.wav,1,16,sedwar1,74.2555625
6368,292059.wav,1,16,sedwar1,23.94175
6369,290099.wav,3,16,sedwar1,65.646
6370,288935.wav,5,16,sedwar1,455.2500625
6371,287600.wav,5,16,sedwar1,9.510625
6372,281526.wav,2,16,sedwar1,41.8743125
6373,281525.wav,1,16,sedwar1,40.777125
6374,281524.wav,1,16,sedwar1,26.5665625
6375,281523.wav,1,16,sedwar1,27.6114375
6376,281522.wav,3,16,sedwar1,48.58775
6377,281521.wav,5,16,sedwar1,72.3591875
6378,281520.wav,5,16,sedwar1,57.96575
6379,281519.wav,1,16,sedwar1,33.33225
6380,281518.wav,5,16,sedwar1,43.337125
6381,281517.wav,5,16,sedwar1,89.86125
6382,281516.wav,5,16,sedwar1,61.28325
6383,277985.wav,3,16,sedwar1,45.48
6384,277984.wav,3,16,sedwar1,15.912
6385,269810.wav,3,16,sedwar1,195.918375
6386,263988.wav,2,16,sedwar1,96.9558125
6387,253275.wav,2,16,sedwar1,369.144
6388,252795.wav,2,16,sedwar1,114.833375
6389,247577.wav,2,16,sedwar1,161.3331875
6390,247261.wav,2,16,sedwar1,64.0150625
6391,247027.wav,5,16,sedwar1,76.2711875
6392,245749.wav,5,16-16,sedwar1,531.768
6393,243745.wav,4,16,sedwar1,95.7715
6394,240552.wav,1,16-10,sedwar1,83.628
6395,225368.wav,2,16,sedwar1,62.3804375
6396,214302.wav,5,16,sedwar1,102.2611875
6397,214096.wav,5,16-16,sedwar1,34.351
6398,214095.wav,3,16,sedwar1,16.58775
6399,213331.wav,2,16,sedwar1,70.373875
6400,211034.wav,1,16,sedwar1,91.222125
6401,199530.wav,5,16,sedwar1,62.617
6402,197163.wav,3,16,sedwar1,260.127375
6403,194319.wav,4,16,sedwar1,360.8374375
6404,190886.wav,5,16,sedwar1,23.0565625
6405,189839.wav,2,16,sedwar1,53.2898125
6406,189838.wav,1,16,sedwar1,25.1503125
6407,188607.wav,1,16,sedwar1,310.068
6408,188606.wav,3,16,sedwar1,146.052
6409,185497.wav,5,16,sedwar1,178.4334375
6410,184700.wav,5,16,sedwar1,590.367375
6411,184250.wav,1,16-15,sedwar1,654.6808125
6412,181203.wav,1,16,sedwar1,603.0
6413,180989.wav,4,16-15,sedwar1,240.0914375
6414,180928.wav,4,16,sedwar1,58.807
6415,180635.wav,2,16,sedwar1,69.264
6416,177337.wav,3,16,sedwar1,207.048
6417,177170.wav,4,16,sedwar1,123.888
6418,177006.wav,4,16,sedwar1,570.93225
6419,176327.wav,2,16,sedwar1,44.9839375
6420,176326.wav,5,16,sedwar1,129.6468125
6421,176325.wav,5,16,sedwar1,21.05575
6422,172460.wav,2,16,sedwar1,592.1698125
6423,172399.wav,1,16,sedwar1,581.4335
6424,172398.wav,1,16,sedwar1,294.8701875
6425,161916.wav,5,16,sedwar1,58.3575625
6426,150559.wav,1,16,sedwar1,128.6530625
6427,150557.wav,5,16,sedwar1,10.213875
6428,150554.wav,4,16,sedwar1,10.057125
6429,150553.wav,2,16,sedwar1,27.089
6430,145652.wav,1,16,sedwar1,65.9121875
6431,143307.wav,4,16,sedwar1,215.112
6432,143130.wav,1,16,sedwar1,24.7039375
6433,143119.wav,1,16,sedwar1,117.0024375
6434,142811.wav,3,16,sedwar1,48.2220625
6435,142754.wav,3,16-15,sedwar1,251.010625
6436,142463.wav,4,16,sedwar1,38.24325
6437,142462.wav,1,16,sedwar1,265.9788125
6438,142158.wav,2,16,sedwar1,164.5714375
6439,141930.wav,5,16,sedwar1,137.0465
6440,141033.wav,5,16,sedwar1,78.158375
6441,140504.wav,5,16,sedwar1,241.1363125
6442,140454.wav,2,16,sedwar1,171.516
6443,140030.wav,1,16-15,sedwar1,123.4024375
6444,139813.wav,5,16,sedwar1,28.0631875
6445,138185.wav,5,16,sedwar1,75.24
6446,137991.wav,4,16-15-15,sedwar1,493.949375
6447,137950.wav,4,16,sedwar1,137.0465
6448,135844.wav,5,16,sedwar1,205.44
6449,135843.wav,2,16,sedwar1,203.184
6450,134064.wav,2,16,sedwar1,71.5748125
6451,132305.wav,2,16,sedwar1,24.997
6452,131507.wav,1,16,sedwar1,323.706375
6453,131073.wav,2,16,sedwar1,50.784
6454,131002.wav,1,16,sedwar1,50.480375
6455,131001.wav,2,16,sedwar1,49.95525
6456,130680.wav,1,16,sedwar1,342.6220625
6457,129504.wav,1,16,sedwar1,151.344
6458,129503.wav,3,16,sedwar1,268.92
6459,129494.wav,4,16,sedwar1,147.12
6460,128304.wav,4,16,sedwar1,16.152
6461,125858.wav,5,16,sedwar1,92.7869375
6462,125857.wav,2,16,sedwar1,101.041625
6463,125848.wav,4,16,sedwar1,120.6335
6464,120666.wav,1,16,sedwar1,250.801625
6465,120665.wav,5,16,sedwar1,250.7755
6466,120664.wav,3,16,sedwar1,250.958375
6467,120663.wav,1,16,sedwar1,250.4098125
6468,116929.wav,4,16,sedwar1,6.96
6469,108276.wav,3,16,sedwar1,47.30775
6470,108274.wav,5,16,sedwar1,26.9845
6471,106708.wav,2,16-16,sedwar1,482.1943125
6472,106707.wav,4,16,sedwar1,454.0343125
6473,106402.wav,2,16,sedwar1,49.1363125
6474,105114.wav,4,16,sedwar1,64.7575625
6475,103545.wav,5,16,sedwar1,187.30725
6476,102934.wav,5,16,sedwar1,42.9975625
6477,102762.wav,3,16,sedwar1,61.224
6478,102504.wav,5,16,sedwar1,180.0359375
6479,102276.wav,3,16,sedwar1,53.3943125
6480,101947.wav,2,16,sedwar1,91.062875
6481,101517.wav,5,16,sedwar1,24.137125
6482,101516.wav,2,16,sedwar1,10.6840625
6483,101515.wav,2,16,sedwar1,51.9836875
6484,101514.wav,1,16,sedwar1,15.4645
6485,101513.wav,5,16,sedwar1,11.2588125
6486,101512.wav,1,16,sedwar1,11.1020625
6487,101511.wav,5,16,sedwar1,39.889
6488,100011.wav,1,16,sedwar1,169.68
6489,91160.wav,3,16,sedwar1,35.2391875
6490,83194.wav,1,16,sedwar1,111.0465625
6491,82609.wav,3,16,sedwar1,125.8083125
6492,82022.wav,5,16,sedwar1,140.8204375
6493,82021.wav,5,16,sedwar1,81.350625
6494,80706.wav,3,16-16,sedwar1,134.1388125
6495,80637.wav,4,16,sedwar1,33.66475
6496,79994.wav,3,16,sedwar1,61.0743125
6497,79651.wav,4,16,sedwar1,83.7301875
6498,77913.wav,2,16,sedwar1,53.6555
6499,76767.wav,1,16,sedwar1,7.549375
6500,76341.wav,4,16,sedwar1,4.010375
6501,36312.wav,5,16,sedwar1,26.801625
6502,33844.wav,1,16,sedwar1,34.608
6503,33249.wav,2,16,sedwar1,127.94775
6504,29693.wav,2,16,sedwar1,35.68325
6505,27120.wav,2,16,sedwar1,145.5020625
6506,24973.wav,3,16,sedwar1,68.3885625
6507,24953.wav,5,16,sedwar1,119.7975625
6508,24935.wav,1,16,sedwar1,32.05225
6509,24897.wav,3,16,sedwar1,26.0963125
6510,698238.wav,3,16,sedwar1,30.1754375
6511,694900.wav,3,16,sedwar1,63.5516875
6512,688214.wav,5,16,sedwar1,90.0
6513,688140.wav,4,16,sedwar1,132.2918125
6514,681583.wav,2,16,sedwar1,115.8720625
6515,681582.wav,1,16,sedwar1,15.7488125
6516,681581.wav,3,16,sedwar1,127.9686875
6517,681225.wav,2,16,sedwar1,10.5704375
6518,681224.wav,5,16,sedwar1,9.3445
6519,677989.wav,4,16-17,sedwar1,107.2934375
6520,673612.wav,5,16,sedwar1,14.471875
6521,673611.wav,1,16,sedwar1,23.7191875
6522,671594.wav,5,16,sedwar1,62.6784375
6523,669720.wav,2,16,sedwar1,13.314375
6524,669378.wav,2,16,sedwar1,72.53
6525,669377.wav,2,16,sedwar1,160.569625
6526,668549.wav,5,16,sedwar1,160.608625
6527,667734.wav,5,16,sedwar1,21.4911875
6528,666955.wav,2,16,sedwar1,39.5916875
6529,666831.wav,4,16,sedwar1,23.760875
6530,666077.wav,2,16,sedwar1,23.551
6531,664852.wav,4,16-10,sedwar1,55.53675
6532,664850.wav,3,16,sedwar1,6.171375
6533,664846.wav,4,16,sedwar1,29.287875
6534,664844.wav,1,16,sedwar1,26.5461875
6535,663473.wav,3,16,sedwar1,212.915375
6536,662685.wav,5,16,sedwar1,67.604875
6537,662303.wav,4,16,sedwar1,33.6729375
6538,661577.wav,2,16,sedwar1,50.743875
6539,661197.wav,3,16,sedwar1,43.0575625
6540,661196.wav,4,16,sedwar1,11.617375
6541,660568.wav,2,16,sedwar1,9.8743125
6542,658893.wav,2,16,sedwar1,127.39825
6543,657239.wav,1,16,sedwar1,101.8850625
6544,657238.wav,5,16,sedwar1,118.886
6545,656278.wav,5,16,sedwar1,41.70125
6546,655463.wav,2,16,sedwar1,26.642375
6547,651293.wav,4,16,sedwar1,55.0
6548,650606.wav,3,16,sedwar1,51.1475625
6549,650605.wav,2,16,sedwar1,34.057625
6550,649923.wav,4,16,sedwar1,127.521125
6551,649828.wav,5,16,sedwar1,99.4186875
6552,649791.wav,5,16,sedwar1,377.6635
6553,648907.wav,4,16,sedwar1,32.474625
6554,648557.wav,2,16,sedwar1,146.5179375
6555,648539.wav,2,16,sedwar1,85.0315
6556,648537.wav,3,16,sedwar1,123.298
6557,648534.wav,4,16,sedwar1,132.1014375
6558,647533.wav,5,16,sedwar1,28.98125
6559,646980.wav,1,16,sedwar1,20.0106875
6560,646836.wav,4,16,sedwar1,11.811375
6561,646834.wav,2,16,sedwar1,2.10725
6562,646630.wav,3,16,sedwar1,96.119
6563,646597.wav,2,16,sedwar1,85.9486875
6564,646439.wav,2,16,sedwar1,15.2555
6565,645021.wav,5,16,sedwar1,60.258875
6566,644669.wav,3,16,sedwar1,100.127375
6567,644615.wav,4,16,sedwar1,40.222625
6568,643251.wav,1,16,sedwar1,62.879875
6569,643250.wav,1,16,sedwar1,13.0351875
6570,642066.wav,2,16,sedwar1,102.7713125
6571,640506.wav,2,16,sedwar1,20.209
6572,640452.wav,3,16,sedwar1,139.416875
6573,640434.wav,1,16,sedwar1,157.854375
6574,638636.wav,5,16,sedwar1,89.513
6575,638122.wav,1,16,sedwar1,40.646
6576,638121.wav,5,16,sedwar1,26.284
6577,637063.wav,5,16,sedwar1,18.5215
6578,637062.wav,5,16,sedwar1,65.770625
6579,637034.wav,1,16,sedwar1,7.9691875
6580,634598.wav,2,16,sedwar1,30.4588125
6581,634597.wav,1,16,sedwar1,26.0701875
6582,628757.wav,4,16,sedwar1,172.8
6583,622736.wav,1,16,sedwar1,67.0824375
6584,620735.wav,3,16,sedwar1,100.6039375
6585,620307.wav,3,16,sedwar1,61.5895
6586,620306.wav,3,16,sedwar1,76.1091875
6587,619558.wav,4,16,sedwar1,30.2375
6588,614668.wav,2,16,sedwar1,50.63225
6589,602140.wav,1,16,sedwar1,33.024
6590,602139.wav,3,16,sedwar1,8.112
6591,602136.wav,5,16,sedwar1,7.536
6592,602135.wav,1,16,sedwar1,19.032
6593,597574.wav,4,16,sedwar1,66.742875
6594,596594.wav,5,16,sedwar1,77.403625
6595,590349.wav,5,16,sedwar1,16.9815
6596,589794.wav,4,16,sedwar1,13.809875
6597,588161.wav,5,16,sedwar1,39.3140625
6598,586581.wav,3,16,sedwar1,26.295
6599,586043.wav,3,16,sedwar1,20.2976875
6600,584494.wav,1,16,sedwar1,22.8215625
6601,584369.wav,5,16,sedwar1,42.61825
6602,584361.wav,1,16,sedwar1,24.2519375
6603,582293.wav,5,16,sedwar1,127.488
6604,581180.wav,1,16,sedwar1,7.3143125
6605,576309.wav,2,16-17,sedwar1,13.218
6606,574825.wav,3,16,sedwar1,32.322
6607,573231.wav,3,16,sedwar1,311.7955625
6608,572687.wav,2,16,sedwar1,78.72
6609,572669.wav,2,16,sedwar1,83.247375
6610,571105.wav,4,16,sedwar1,58.3314375
6611,570610.wav,4,16-16,sedwar1,38.003
6612,570609.wav,4,16,sedwar1,171.5135
6613,565464.wav,5,16,sedwar1,21.2375625
6614,564445.wav,2,16,sedwar1,96.7666875
6615,560555.wav,4,16-17,sedwar1,80.481875
6616,560043.wav,4,16,sedwar1,115.664375
6617,557903.wav,5,16,sedwar1,46.03575
6618,557273.wav,4,16,sedwar1,30.54625
6619,556702.wav,3,16,sedwar1,123.24575
6620,555039.wav,4,16,sedwar1,5.544
6621,554054.wav,1,16,sedwar1,21.8855
6622,553479.wav,5,16,sedwar1,62.2236875
6623,553278.wav,4,16,sedwar1,49.0285
6624,549324.wav,5,16,sedwar1,60.9698125
6625,548973.wav,1,16,sedwar1,149.951875
6626,548736.wav,5,16,sedwar1,29.044375
6627,546778.wav,5,16,sedwar1,7.519
6628,544392.wav,2,16,sedwar1,46.575
6629,544391.wav,1,16,sedwar1,55.5649375
6630,544390.wav,2,16,sedwar1,27.4546875
6631,544110.wav,4,16,sedwar1,55.86275
6632,528264.wav,3,16-17,sedwar1,31.8024375
6633,523693.wav,4,16,sedwar1,40.0206875
6634,521469.wav,3,16,sedwar1,12.2775625
6635,513727.wav,1,16,sedwar1,34.9349375
6636,509732.wav,3,16,sedwar1,22.901375
6637,495972.wav,1,16,sedwar1,85.016
6638,492795.wav,2,16,sedwar1,147.382875
6639,490840.wav,1,16,sedwar1,3.7434375
6640,488303.wav,3,16,sedwar1,10.0049375
6641,485164.wav,2,16,sedwar1,17.1363125
6642,484016.wav,4,16,sedwar1,39.3413125
6643,481589.wav,4,16,sedwar1,25.6
6644,481588.wav,2,16,sedwar1,17.1885625
6645,481587.wav,2,16,sedwar1,26.1485625
6646,480634.wav,3,16,sedwar1,69.869
6647,479723.wav,4,16,sedwar1,56.0326875
6648,479653.wav,5,16-17,sedwar1,179.90125
6649,478092.wav,4,16,sedwar1,35.064
6650,477901.wav,4,16,sedwar1,16.3526875
6651,477161.wav,2,16,sedwar1,103.2248125
6652,476805.wav,3,16,sedwar1,36.84
6653,475482.wav,2,16,sedwar1,62.952
6654,475449.wav,4,16,sedwar1,357.6946875
6655,473570.wav,3,16-10,sedwar1,42.3716875
6656,469944.wav,3,16,sedwar1,22.421375
6657,469133.wav,4,16,sedwar1,53.3943125
6658,468282.wav,4,16,sedwar1,62.8721875
6659,468281.wav,4,16,sedwar1,130.85475
6660,468280.wav,3,16,sedwar1,49.89875
6661,468279.wav,5,16,sedwar1,157.26425
6662,468153.wav,4,16,sedwar1,137.9265625
6663,465766.wav,2,16,sedwar1,15.015
6664,453976.wav,5,16,sedwar1,90.25325
6665,432182.wav,1,16,sedwar1,76.231125
6666,429195.wav,5,16-17,sedwar1,56.32
6667,429058.wav,3,16-17,sedwar1,34.355625
6668,426211.wav,4,16,sedwar1,78.34125
6669,425769.wav,3,16,sedwar1,23.246125
6670,425057.wav,4,16,sedwar1,57.75675
6671,421709.wav,4,16,sedwar1,187.968
6672,421552.wav,4,16,sedwar1,14.210625
6673,418174.wav,3,16,sedwar1,26.8026875
6674,418078.wav,1,16,sedwar1,61.1526875
6675,411550.wav,1,16,sedwar1,28.59375
6676,411061.wav,5,16,sedwar1,31.2884375
6677,408062.wav,2,16,sedwar1,50.8735
6678,397705.wav,1,16,sedwar1,29.52
6679,397289.wav,1,16,sedwar1,89.418125
6680,394880.wav,3,16,sedwar1,15.1740625
6681,393716.wav,1,16,sedwar1,21.5138125
6682,386046.wav,4,16,sedwar1,10.057125
6683,381244.wav,2,16,sedwar1,51.353625
6684,381243.wav,3,16,sedwar1,20.0705625
6685,379092.wav,3,16,sedwar1,102.5578125
6686,378244.wav,2,16,sedwar1,82.99125
6687,377957.wav,5,16,sedwar1,134.478375
6688,377956.wav,3,16,sedwar1,56.555125
6689,377955.wav,1,16,sedwar1,432.3004375
6690,377124.wav,2,16,sedwar1,90.2791875
6691,377103.wav,3,16,sedwar1,56.9975625
6692,373679.wav,5,16,sedwar1,128.6530625
6693,372386.wav,5,16,sedwar1,13.8449375
6694,372385.wav,5,16,sedwar1,194.533875
6695,372380.wav,1,16,sedwar1,9.6914375
6696,372379.wav,4,16,sedwar1,133.9559375
6697,372354.wav,2,16,sedwar1,37.2609375
6698,372178.wav,2,16,sedwar1,94.511
6699,370954.wav,2,16,sedwar1,22.9351875
6700,369940.wav,4,16,sedwar1,11.3643125
6701,367724.wav,3,16,sedwar1,15.4394375
6702,367468.wav,2,16,sedwar1,69.882625
6703,367424.wav,4,16,sedwar1,29.95375
6704,367375.wav,1,16,sedwar1,47.04
6705,367324.wav,3,16-17,sedwar1,21.5725625
6706,367323.wav,4,16-17,sedwar1,20.523875
6707,367322.wav,5,16-17,sedwar1,70.5539375
6708,367321.wav,2,16-17,sedwar1,79.359875
6709,367320.wav,5,16-17,sedwar1,32.3426875
6710,367319.wav,3,16,sedwar1,11.3803125
6711,367317.wav,4,16,sedwar1,4.00725
6712,367316.wav,2,16-17,sedwar1,73.3174375
6713,367313.wav,3,16-17,sedwar1,73.3174375
6714,367288.wav,5,16-17,sedwar1,52.0638125
6715,367287.wav,1,16-17,sedwar1,46.12075
6716,367286.wav,3,16-17,sedwar1,105.2124375
6717,367285.wav,2,16,sedwar1,51.6370625
6718,367284.wav,2,16,sedwar1,22.5008125
6719,367283.wav,2,16-17,sedwar1,106.0413125
6720,367282.wav,5,16-17,sedwar1,175.9474375
6721,367281.wav,2,16-17,sedwar1,115.522875
6722,367108.wav,4,16-16,sedwar1,69.3561875
6723,366512.wav,2,16,sedwar1,68.352
6724,365579.wav,5,16,sedwar1,166.34775
6725,363921.wav,4,16,sedwar1,81.8165625
6726,363458.wav,2,16,sedwar1,58.906125
6727,363295.wav,5,16,sedwar1,36.6759375
6728,362318.wav,3,16,sedwar1,24.3355625
6729,361301.wav,4,16,sedwar1,41.103125
6730,361299.wav,1,16,sedwar1,68.83775
6731,350306.wav,1,16,sedwar1,23.013875
6732,350029.wav,2,16,sedwar1,49.462125
6733,350028.wav,1,16,sedwar1,18.6775625
6734,347277.wav,4,16,sedwar1,34.982875
6735,344666.wav,1,16,sedwar1,23.09225
6736,344665.wav,1,16,sedwar1,199.2620625
6737,344392.wav,4,16,sedwar1,39.42375
6738,344391.wav,2,16,sedwar1,34.16025
6739,343284.wav,1,16,sedwar1,74.592
6740,337622.wav,4,16,sedwar1,32.712
6741,328062.wav,3,16,sedwar1,20.08975
6742,327956.wav,4,16,sedwar1,61.68
6743,327908.wav,2,16,sedwar1,82.198625
6744,327462.wav,3,16,sedwar1,44.5126875
6745,326218.wav,2,16,sedwar1,45.3224375
6746,320728.wav,4,16,sedwar1,65.533125
6747,319226.wav,1,16,sedwar1,56.12275
6748,318888.wav,2,16,sedwar1,14.7688125
6749,317821.wav,1,16,sedwar1,133.296
6750,317221.wav,1,16,sedwar1,365.3485625
6751,317220.wav,1,16,sedwar1,360.1240625
6752,317219.wav,5,16,sedwar1,361.5346875
6753,317218.wav,3,16,sedwar1,379.219625
6754,317217.wav,4,16,sedwar1,364.2514375
6755,317216.wav,5,16,sedwar1,342.6481875
6756,315965.wav,3,16,sedwar1,19.430875
6757,314838.wav,2,16,sedwar1,33.7015
6758,314837.wav,4,16,sedwar1,66.578
6759,314094.wav,2,16-17,sedwar1,220.416
6760,314089.wav,4,16,sedwar1,63.9976875
6761,312867.wav,1,16,sedwar1,18.7820625
6762,312350.wav,2,16,sedwar1,53.16025
6763,310394.wav,2,16,sedwar1,62.3020625
6764,309379.wav,3,16,sedwar1,90.12
6765,306260.wav,3,16,sedwar1,79.008
6766,306236.wav,2,16,sedwar1,61.632
6767,306149.wav,3,16,sedwar1,120.48
6768,305475.wav,3,16,sedwar1,49.3128125
6769,305382.wav,1,16,sedwar1,30.300125
6770,302010.wav,3,16,sedwar1,16.944
6771,300904.wav,2,16,sedwar1,66.169
6772,299923.wav,3,16,sedwar1,36.5714375
6773,299921.wav,2,16,sedwar1,18.6514375
6774,297601.wav,1,16,sedwar1,37.7846875
6775,294987.wav,3,16,sedwar1,46.8654375
6776,294906.wav,3,16,sedwar1,30.4065625
6777,290107.wav,3,16,sedwar1,82.5991875
6778,287599.wav,2,16,sedwar1,19.076
6779,272304.wav,4,16,sedwar1,47.1249375
6780,268473.wav,3,16,sedwar1,65.59
6781,264311.wav,5,16,sedwar1,123.472875
6782,264052.wav,4,16,sedwar1,274.8343125
6783,264051.wav,4,16,sedwar1,358.478375
6784,264050.wav,5,16,sedwar1,359.3926875
6785,264049.wav,3,16,sedwar1,302.34125
6786,262823.wav,2,16,sedwar1,16.7445
6787,252908.wav,4,16,sedwar1,108.6874375
6788,245747.wav,3,16-16,sedwar1,48.048
6789,245746.wav,2,16-16,sedwar1,11.424
6790,241105.wav,4,16,sedwar1,62.62625
6791,236683.wav,3,16,sedwar1,16.90125
6792,218013.wav,2,16-17,sedwar1,36.3885625
6793,217374.wav,1,16-13,sedwar1,15.9085625
6794,215928.wav,5,16,sedwar1,25.3195
6795,215926.wav,4,16-17-15,sedwar1,30.510875
6796,214293.wav,5,16,sedwar1,54.1025
6797,212909.wav,2,16,sedwar1,16.822875
6798,211875.wav,1,16,sedwar1,69.582
6799,211024.wav,2,16,sedwar1,51.9314375
6800,199505.wav,4,16,sedwar1,119.857
6801,199288.wav,1,16,sedwar1,99.632125
6802,199074.wav,3,16,sedwar1,54.937
6803,198137.wav,1,16,sedwar1,87.9469375
6804,191913.wav,2,16,sedwar1,135.744
6805,191401.wav,3,16,sedwar1,64.516125
6806,190761.wav,3,16,sedwar1,64.9665625
6807,190760.wav,4,16,sedwar1,309.2636875
6808,190759.wav,2,16,sedwar1,48.0653125
6809,189877.wav,2,16,sedwar1,149.4988125
6810,183428.wav,5,16,sedwar1,5.3315625
6811,183134.wav,1,16,sedwar1,44.4343125
6812,181156.wav,5,16,sedwar1,25.1820625
6813,180753.wav,2,16,sedwar1,47.569
6814,177335.wav,4,16-16,sedwar1,241.248
6815,176308.wav,4,16-10-17,sedwar1,46.008
6816,161905.wav,2,16,sedwar1,46.6285625
6817,152479.wav,5,16,sedwar1,75.589
6818,149945.wav,5,16,sedwar1,22.3346875
6819,149187.wav,4,16,sedwar1,86.831
6820,146891.wav,1,16,sedwar1,108.456
6821,146890.wav,1,16,sedwar1,99.576
6822,139579.wav,5,16,sedwar1,100.0
6823,139575.wav,5,16-16,sedwar1,93.1044375
6824,138573.wav,5,16,sedwar1,49.4894375
6825,138182.wav,2,16,sedwar1,78.216
6826,134065.wav,4,16,sedwar1,12.0025
6827,133937.wav,4,16,sedwar1,160.5746875
6828,133936.wav,2,16,sedwar1,9.5085625
6829,133935.wav,5,16,sedwar1,81.4236875
6830,133934.wav,1,16,sedwar1,15.490625
6831,133933.wav,1,16,sedwar1,138.631875
6832,133932.wav,1,16,sedwar1,21.969
6833,133931.wav,5,16,sedwar1,21.0024375
6834,133930.wav,5,16,sedwar1,15.36
6835,133788.wav,3,16,sedwar1,27.174125
6836,132357.wav,2,16,sedwar1,58.898875
6837,130544.wav,1,16,sedwar1,59.76
6838,130509.wav,1,16,sedwar1,163.728
6839,127560.wav,2,16,sedwar1,109.680625
6840,118270.wav,5,16,sedwar1,52.401625
6841,102935.wav,4,16,sedwar1,169.6391875
6842,100830.wav,3,16,sedwar1,58.438125
6843,100327.wav,1,16,sedwar1,68.4945625
6844,100325.wav,5,16,sedwar1,25.1743125
6845,91943.wav,1,16,sedwar1,80.875125
6846,88997.wav,4,16,sedwar1,41.4040625
6847,82975.wav,5,16,sedwar1,158.3543125
6848,82020.wav,1,16,sedwar1,119.522
6849,81347.wav,3,16,sedwar1,24.398375
6850,77912.wav,4,16,sedwar1,129.9330625
6851,76778.wav,3,16,sedwar1,30.0408125
6852,76777.wav,3,16,sedwar1,37.7991875
6853,76776.wav,4,16,sedwar1,19.04325
6854,76775.wav,4,16,sedwar1,10.213875
6855,76773.wav,1,16,sedwar1,16.0391875
6856,76772.wav,5,16,sedwar1,16.0391875
6857,76771.wav,5,16,sedwar1,8.04575
6858,76770.wav,4,16,sedwar1,15.151
6859,76769.wav,4,16,sedwar1,28.0555
6860,76768.wav,4,16,sedwar1,25.469375
6861,76376.wav,3,16,sedwar1,205.10225
6862,75398.wav,3,16,sedwar1,75.7198125
6863,61568.wav,2,16,sedwar1,39.601625
6864,61531.wav,2,16,sedwar1,73.0645
6865,58504.wav,4,16,sedwar1,128.864625
6866,58503.wav,5,16,sedwar1,33.964875
6867,56912.wav,2,16,sedwar1,67.0301875
6868,56911.wav,1,16,sedwar1,120.4245
6869,56909.wav,3,16,sedwar1,77.4530625
6870,54593.wav,2,16,sedwar1,29.2049375
6871,54515.wav,4,16,sedwar1,110.6546875
6872,54513.wav,3,16,sedwar1,21.733875
6873,48365.wav,5,16,sedwar1,36.0375
6874,48364.wav,4,16,sedwar1,48.293875
6875,46493.wav,4,16,sedwar1,103.6769375
6876,36482.wav,2,16,sedwar1,6.191
6877,35210.wav,4,16,sedwar1,60.6563125
6878,35209.wav,4,16,sedwar1,92.8130625
6879,30177.wav,1,16,sedwar1,126.0669375
6880,24972.wav,4,16,sedwar1,70.582875
6881,24937.wav,2,16,sedwar1,117.76
6882,24936.wav,4,16,sedwar1,127.3208125
6883,24929.wav,2,16,sedwar1,8.3591875
6884,24928.wav,1,16,sedwar1,70.426125
6885,24926.wav,2,16,sedwar1,39.601625
6886,24896.wav,2,16,sedwar1,48.4049375
6887,18729.wav,3,16,sedwar1,64.130625
6888,700785.wav,1,16,sedwar1,38.5703125
6889,672754.wav,2,16,sedwar1,21.211375
6890,663177.wav,1,16,sedwar1,11.1099375
6891,661189.wav,3,16,sedwar1,103.875375
6892,652341.wav,1,16-10,sedwar1,20.5046875
6893,651560.wav,5,16,sedwar1,49.9236875
6894,646182.wav,5,16,sedwar1,35.7329375
6895,645771.wav,2,16,sedwar1,32.7194375
6896,645329.wav,4,16,sedwar1,70.22875
6897,638683.wav,1,16,sedwar1,25.469375
6898,625434.wav,5,16,sedwar1,69.824
6899,610900.wav,3,16,sedwar1,35.129625
6900,599939.wav,4,16,sedwar1,23.4339375
6901,599612.wav,5,16,sedwar1,99.7388125
6902,599610.wav,1,16,sedwar1,85.9174375
6903,588123.wav,5,16,sedwar1,28.8653125
6904,584653.wav,2,16,sedwar1,17.891
6905,564303.wav,5,16,sedwar1,108.312
6906,563281.wav,5,16,sedwar1,98.2403125
6907,557413.wav,3,16,sedwar1,46.8124375
6908,547286.wav,5,16,sedwar1,17.9749375
6909,546056.wav,1,16,sedwar1,60.572
6910,529938.wav,3,16,sedwar1,26.456
6911,519997.wav,4,16,sedwar1,40.2808125
6912,507687.wav,4,16-16,sedwar1,14.76
6913,507662.wav,4,16,sedwar1,349.405
6914,507661.wav,3,16-0,sedwar1,1021.6590625
6915,501066.wav,1,16,sedwar1,48.289
6916,501065.wav,5,16,sedwar1,202.849
6917,501062.wav,5,16,sedwar1,21.313
6918,489903.wav,3,16,sedwar1,39.043
6919,484977.wav,4,16,sedwar1,56.16325
6920,472446.wav,2,16,sedwar1,95.0
6921,453497.wav,5,16,sedwar1,28.195125
6922,452714.wav,3,16,sedwar1,13.8188125
6923,443687.wav,1,16,sedwar1,23.425
6924,443686.wav,1,16,sedwar1,44.857
6925,442951.wav,5,16,sedwar1,10.6883125
6926,433863.wav,4,16,sedwar1,30.121
6927,433860.wav,4,16,sedwar1,64.225
6928,433859.wav,2,16,sedwar1,130.057
6929,433858.wav,5,16,sedwar1,45.697
6930,433856.wav,4,16,sedwar1,170.545
6931,433854.wav,3,16,sedwar1,44.881
6932,433853.wav,5,16,sedwar1,244.825
6933,433852.wav,3,16,sedwar1,41.569
6934,429041.wav,1,16,sedwar1,66.145
6935,429033.wav,2,16,sedwar1,21.721
6936,428957.wav,2,16,sedwar1,265.609
6937,428953.wav,3,16,sedwar1,75.265
6938,428703.wav,4,16,sedwar1,14.856
6939,425158.wav,1,16,sedwar1,306.193
6940,425157.wav,3,16,sedwar1,271.201
6941,425156.wav,4,16,sedwar1,132.961
6942,424475.wav,1,16,sedwar1,78.433
6943,424474.wav,3,16,sedwar1,60.601
6944,424473.wav,1,16,sedwar1,138.577
6945,424471.wav,2,16,sedwar1,39.817
6946,423663.wav,2,16,sedwar1,62.3986875
6947,423236.wav,3,16,sedwar1,5.76
6948,421749.wav,2,16,sedwar1,112.681
6949,421748.wav,1,16,sedwar1,80.593
6950,421707.wav,5,16,sedwar1,25.704
6951,421558.wav,1,16,sedwar1,64.393
6952,418546.wav,3,16,sedwar1,48.7713125
6953,417835.wav,5,16,sedwar1,213.217
6954,417832.wav,4,16,sedwar1,133.465
6955,417831.wav,2,16,sedwar1,387.409
6956,417828.wav,1,16,sedwar1,192.145
6957,417827.wav,1,16,sedwar1,242.857
6958,417195.wav,1,16,sedwar1,140.089
6959,417194.wav,3,16,sedwar1,349.993
6960,417192.wav,4,16,sedwar1,45.025
6961,417191.wav,1,16,sedwar1,84.793
6962,377072.wav,1,16,sedwar1,26.221125
6963,372460.wav,2,16,sedwar1,98.544
6964,372458.wav,3,16,sedwar1,30.744
6965,372457.wav,1,16,sedwar1,24.024
6966,370917.wav,2,16,sedwar1,26.1746875
6967,370530.wav,5,16-17,sedwar1,55.609
6968,370516.wav,4,16-17,sedwar1,137.353
6969,370511.wav,5,16-17,sedwar1,97.249
6970,369925.wav,5,16,sedwar1,162.168
6971,369919.wav,1,16,sedwar1,50.184
6972,367390.wav,3,16,sedwar1,73.512
6973,367378.wav,1,16,sedwar1,39.24
6974,367377.wav,3,16,sedwar1,69.864
6975,367376.wav,4,16,sedwar1,33.96
6976,367371.wav,3,16,sedwar1,102.864
6977,367292.wav,2,16,sedwar1,43.4734375
6978,367057.wav,4,16,sedwar1,37.4131875
6979,363390.wav,4,16,sedwar1,26.7785
6980,361805.wav,4,16,sedwar1,37.1721875
6981,357916.wav,5,16,sedwar1,22.0475625
6982,347274.wav,4,16,sedwar1,2.6268125
6983,326123.wav,1,16,sedwar1,207.241
6984,326096.wav,1,16,sedwar1,66.361
6985,325054.wav,5,16,sedwar1,69.673
6986,325042.wav,5,16,sedwar1,98.929
6987,325041.wav,2,16,sedwar1,62.089
6988,325040.wav,2,16,sedwar1,74.281
6989,322723.wav,4,16,sedwar1,32.472
6990,315744.wav,5,16,sedwar1,56.859875
6991,314975.wav,5,16-17,sedwar1,65.0449375
6992,314672.wav,5,16,sedwar1,20.256
6993,314275.wav,3,16,sedwar1,28.133875
6994,313297.wav,3,16,sedwar1,25.464
6995,313148.wav,5,16,sedwar1,73.985
6996,306261.wav,4,16,sedwar1,44.736
6997,306259.wav,4,16,sedwar1,12.432
6998,306238.wav,2,16,sedwar1,43.08
6999,306150.wav,5,16,sedwar1,54.048
7000,306078.wav,3,16,sedwar1,103.224
7001,286642.wav,4,16,sedwar1,77.68925
7002,264065.wav,5,16,sedwar1,200.751
7003,263691.wav,2,16,sedwar1,151.5101875
7004,263551.wav,4,16,sedwar1,459.6245
7005,263550.wav,5,16,sedwar1,330.1355
7006,245745.wav,2,16-16,sedwar1,59.04
7007,245744.wav,1,16-16,sedwar1,11.304
7008,245638.wav,3,16,sedwar1,41.431
7009,241107.wav,2,16-10,sedwar1,36.883875
7010,236806.wav,3,16,sedwar1,54.2563125
7011,199529.wav,5,16,sedwar1,102.361
7012,199290.wav,2,16,sedwar1,33.09825
7013,199289.wav,4,16,sedwar1,257.072125
7014,197632.wav,1,16,sedwar1,18.477
7015,193624.wav,2,16,sedwar1,21.768
7016,186667.wav,5,16,sedwar1,19.8778125
7017,181416.wav,3,16,sedwar1,22.2824375
7018,178218.wav,1,16,sedwar1,81.2146875
7019,164423.wav,4,16,sedwar1,14.4796875
7020,146884.wav,5,16,sedwar1,16.776
7021,146878.wav,2,16,sedwar1,9.768
7022,146453.wav,4,16,sedwar1,28.21225
7023,146452.wav,3,16,sedwar1,19.226125
7024,145751.wav,3,16,sedwar1,35.2914375
7025,143177.wav,1,16,sedwar1,19.488
7026,139131.wav,2,16,sedwar1,50.4685625
7027,138807.wav,3,16,sedwar1,118.7265625
7028,138806.wav,5,16,sedwar1,128.15675
7029,138805.wav,1,16,sedwar1,146.5208125
7030,138755.wav,3,16,sedwar1,9.195125
7031,136108.wav,2,16-10,sedwar1,34.3085
7032,134825.wav,2,16,sedwar1,60.0555
7033,134799.wav,2,16,sedwar1,16.58775
7034,134797.wav,1,16,sedwar1,207.72575
7035,134796.wav,2,16,sedwar1,7.889
7036,134795.wav,2,16,sedwar1,90.018
7037,134794.wav,3,16,sedwar1,192.339625
7038,134793.wav,5,16,sedwar1,12.878375
7039,134792.wav,4,16,sedwar1,11.859625
7040,134791.wav,4,16,sedwar1,90.1224375
7041,134790.wav,1,16,sedwar1,55.30125
7042,134789.wav,4,16,sedwar1,192.339625
7043,125855.wav,3,16,sedwar1,220.578
7044,106936.wav,3,16,sedwar1,44.4343125
7045,106519.wav,1,16,sedwar1,27.4808125
7046,78928.wav,3,16,sedwar1,26.0963125
7047,77619.wav,2,16,sedwar1,30.0146875
7048,54512.wav,1,16,sedwar1,24.37225
7049,28668.wav,1,16,sedwar1,54.5959375
7050,24933.wav,5,16,sedwar1,37.5640625
7051,652962.wav,4,16,sedwar1,37.88475
7052,637483.wav,2,16,sedwar1,70.36075
7053,636247.wav,3,16,sedwar1,57.6609375
7054,575435.wav,5,16,sedwar1,31.922875
7055,555686.wav,3,16,sedwar1,24.041375
7056,496447.wav,5,16,sedwar1,3.1204375
7057,473260.wav,1,16,sedwar1,39.712375
7058,384727.wav,2,16,sedwar1,117.0808125
7059,372471.wav,4,16,sedwar1,13.608
7060,367391.wav,1,16,sedwar1,41.448
7061,367382.wav,5,16,sedwar1,60.048
7062,367381.wav,3,16,sedwar1,121.248
7063,365869.wav,5,16,sedwar1,23.40575
7064,365866.wav,2,16,sedwar1,35.5004375
7065,326121.wav,2,16,sedwar1,341.257
7066,325046.wav,3,16,sedwar1,107.569
7067,323538.wav,2,16-16,sedwar1,63.7126875
7068,314671.wav,4,16-10,sedwar1,95.664
7069,314670.wav,2,16-10,sedwar1,84.528
7070,314669.wav,5,16-10,sedwar1,53.064
7071,314668.wav,2,16-10,sedwar1,30.408
7072,314667.wav,1,16,sedwar1,63.864
7073,314666.wav,1,16,sedwar1,176.136
7074,306235.wav,3,16,sedwar1,95.496
7075,211205.wav,1,16,sedwar1,49.417
7076,145733.wav,4,16,sedwar1,132.258
7077,145335.wav,3,16,sedwar1,49.946125
7078,135014.wav,2,16,sedwar1,8.1850625
7079,135012.wav,2,16,sedwar1,11.48575
7080,135007.wav,1,16,sedwar1,79.30775
7081,71741.wav,3,16,sedwar1,44.8
7082,668529.wav,2,16,sedwar1,19.544625
7083,347278.wav,1,16,sedwar1,23.9568125
7084,298402.wav,4,16,sedwar1,64.633
7085,263101.wav,1,16,sedwar1,84.558375
7086,694862.wav,3,17,eurwar1,311.476375
7087,694860.wav,1,17,eurwar1,397.477875
7088,692716.wav,1,17,eurwar1,79.0258125
7089,692715.wav,1,17,eurwar1,133.248
7090,692714.wav,2,17,eurwar1,29.79375
7091,692712.wav,5,17,eurwar1,84.863
7092,684963.wav,4,17,eurwar1,415.1331875
7093,682600.wav,4,17,eurwar1,61.17725
7094,680848.wav,2,17,eurwar1,68.737
7095,679252.wav,3,17,eurwar1,18.5076875
7096,679251.wav,5,17,eurwar1,42.089
7097,678884.wav,3,17,eurwar1,16.830875
7098,676813.wav,1,17,eurwar1,35.5185
7099,674832.wav,2,17,eurwar1,17.5804375
7100,672985.wav,1,17,eurwar1,11.15075
7101,672981.wav,5,17,eurwar1,43.6794375
7102,672479.wav,5,17,eurwar1,31.029125
7103,670038.wav,3,17,eurwar1,121.512
7104,670034.wav,2,17,eurwar1,104.784
7105,670033.wav,3,17,eurwar1,54.84
7106,670032.wav,5,17,eurwar1,77.52
7107,669865.wav,2,17,eurwar1,50.02775
7108,669849.wav,2,17-16,eurwar1,183.0150625
7109,667120.wav,3,17,eurwar1,30.6289375
7110,667022.wav,2,17,eurwar1,13.8196875
7111,666120.wav,5,17,eurwar1,3.1625625
7112,665328.wav,2,17,eurwar1,56.68575
7113,665042.wav,4,17,eurwar1,36.774875
7114,663336.wav,5,17,eurwar1,29.382
7115,663335.wav,3,17,eurwar1,136.721
7116,663334.wav,2,17,eurwar1,120.722
7117,663063.wav,1,17,eurwar1,25.9803125
7118,663062.wav,3,17,eurwar1,22.6913125
7119,661624.wav,2,17,eurwar1,49.681375
7120,660239.wav,2,17,eurwar1,54.5436875
7121,659358.wav,1,17,eurwar1,41.7870625
7122,658389.wav,1,17,eurwar1,44.0685625
7123,658030.wav,1,17,eurwar1,119.5088125
7124,657729.wav,1,17,eurwar1,332.7775625
7125,657686.wav,4,17,eurwar1,45.6060625
7126,657665.wav,4,17,eurwar1,93.7330625
7127,657587.wav,3,17,eurwar1,50.2613125
7128,657380.wav,4,17,eurwar1,85.0236875
7129,657287.wav,1,17,eurwar1,123.696
7130,657272.wav,2,17,eurwar1,62.832
7131,657014.wav,1,17,eurwar1,27.0041875
7132,657013.wav,3,17,eurwar1,48.7924375
7133,656830.wav,1,17,eurwar1,50.0058125
7134,656329.wav,3,17,eurwar1,29.00825
7135,656124.wav,4,17,eurwar1,31.4045625
7136,655982.wav,2,17,eurwar1,17.792
7137,654592.wav,1,17-12,eurwar1,187.4228125
7138,654463.wav,1,17-10,eurwar1,75.325
7139,654462.wav,2,17,eurwar1,33.808
7140,654189.wav,4,17,eurwar1,26.8636875
7141,653424.wav,1,17,eurwar1,59.201125
7142,653301.wav,4,17,eurwar1,195.7839375
7143,653207.wav,4,17,eurwar1,54.450375
7144,653120.wav,3,17,eurwar1,49.1908125
7145,653119.wav,5,17,eurwar1,34.416
7146,653035.wav,3,17,eurwar1,52.1311875
7147,652952.wav,5,17,eurwar1,34.50775
7148,652633.wav,5,17,eurwar1,105.10325
7149,652448.wav,5,17,eurwar1,129.1240625
7150,652309.wav,1,17,eurwar1,191.1035
7151,652306.wav,1,17,eurwar1,180.026875
7152,652298.wav,5,17,eurwar1,63.3991875
7153,651383.wav,5,17,eurwar1,21.56
7154,650714.wav,1,17,eurwar1,36.108
7155,650686.wav,3,17,eurwar1,90.5460625
7156,650653.wav,4,17,eurwar1,28.8
7157,650652.wav,2,17,eurwar1,49.356
7158,649818.wav,2,17,eurwar1,99.0301875
7159,649683.wav,4,17-17,eurwar1,67.043625
7160,649008.wav,1,17,eurwar1,115.128
7161,648640.wav,2,17,eurwar1,110.1845
7162,648507.wav,3,17,eurwar1,174.939125
7163,648506.wav,1,17,eurwar1,68.0685
7164,648110.wav,3,17,eurwar1,84.285375
7165,647473.wav,5,17,eurwar1,44.8213125
7166,647389.wav,1,17,eurwar1,26.9845
7167,646632.wav,3,17,eurwar1,80.3106875
7168,646626.wav,3,17,eurwar1,617.673375
7169,646477.wav,5,17,eurwar1,38.980125
7170,646399.wav,1,17,eurwar1,9.576
7171,646398.wav,2,17,eurwar1,97.449625
7172,646396.wav,3,17,eurwar1,38.036125
7173,646190.wav,4,17-10,eurwar1,38.0748125
7174,645917.wav,4,17,eurwar1,198.609
7175,645696.wav,2,17,eurwar1,261.441125
7176,645695.wav,1,17,eurwar1,224.5653125
7177,645039.wav,5,17-16,eurwar1,103.7794375
7178,643708.wav,4,17,eurwar1,56.26775
7179,643562.wav,4,17,eurwar1,95.5820625
7180,643342.wav,3,17,eurwar1,107.0316875
7181,643329.wav,3,17,eurwar1,307.252125
7182,643280.wav,3,17,eurwar1,58.1746875
7183,643243.wav,4,17,eurwar1,437.675875
7184,643213.wav,3,17,eurwar1,766.1078125
7185,643139.wav,1,17,eurwar1,34.8598125
7186,643138.wav,3,17,eurwar1,56.2005625
7187,643137.wav,4,17,eurwar1,38.3516875
7188,643136.wav,3,17,eurwar1,24.6025
7189,640234.wav,1,17,eurwar1,37.7208125
7190,640228.wav,3,17,eurwar1,144.1698125
7191,640137.wav,3,17,eurwar1,38.609
7192,640119.wav,1,17,eurwar1,18.483125
7193,639582.wav,4,17,eurwar1,59.5390625
7194,639428.wav,3,17,eurwar1,476.00225
7195,639427.wav,4,17,eurwar1,34.622125
7196,639426.wav,1,17,eurwar1,70.8890625
7197,639425.wav,5,17,eurwar1,145.784
7198,639423.wav,1,17,eurwar1,79.1123125
7199,639421.wav,5,17,eurwar1,30.12275
7200,638123.wav,5,17,eurwar1,592.96
7201,635194.wav,3,17,eurwar1,158.545875
7202,631056.wav,5,17,eurwar1,75.9434375
7203,624630.wav,5,17-10,eurwar1,36.9405625
7204,620909.wav,3,17,eurwar1,11.5
7205,611025.wav,5,17,eurwar1,211.591875
7206,605956.wav,4,17,eurwar1,60.864
7207,603871.wav,3,17,eurwar1,929.6956875
7208,603869.wav,3,17,eurwar1,31.058375
7209,603868.wav,3,17,eurwar1,1076.993
7210,599881.wav,3,17,eurwar1,479.7861875
7211,595244.wav,2,17,eurwar1,32.963
7212,593682.wav,1,17,eurwar1,2405.4308125
7213,589781.wav,2,17,eurwar1,29.056
7214,588522.wav,1,17,eurwar1,38.998375
7215,588517.wav,1,17,eurwar1,19.143875
7216,588516.wav,3,17,eurwar1,4.86725
7217,584982.wav,4,17,eurwar1,61.6991875
7218,582309.wav,4,17-16,eurwar1,122.2094375
7219,582090.wav,1,17,eurwar1,11.2588125
7220,579819.wav,1,17,eurwar1,40.7425
7221,579818.wav,4,17,eurwar1,115.3376875
7222,579817.wav,5,17,eurwar1,76.631375
7223,579816.wav,4,17,eurwar1,225.6183125
7224,579813.wav,3,17,eurwar1,32.518
7225,579811.wav,5,17,eurwar1,146.3270625
7226,577642.wav,3,17,eurwar1,166.3534375
7227,575670.wav,2,17,eurwar1,22.178
7228,574912.wav,3,17,eurwar1,73.8184375
7229,574715.wav,3,17,eurwar1,103.7213125
7230,574714.wav,4,17,eurwar1,66.17
7231,574628.wav,4,17,eurwar1,307.9053125
7232,574531.wav,2,17,eurwar1,125.9638125
7233,574189.wav,1,17,eurwar1,32.4565625
7234,574161.wav,1,17,eurwar1,342.503375
7235,574146.wav,1,17,eurwar1,23.573375
7236,574145.wav,3,17,eurwar1,31.4775625
7237,573703.wav,5,17,eurwar1,38.8314375
7238,573462.wav,1,17,eurwar1,40.6349375
7239,572679.wav,2,17,eurwar1,13.3926875
7240,572647.wav,1,17,eurwar1,14.5255
7241,572449.wav,4,17,eurwar1,54.798375
7242,572207.wav,1,17,eurwar1,66.899625
7243,572028.wav,2,17,eurwar1,77.8634375
7244,572025.wav,5,17,eurwar1,151.3286875
7245,572023.wav,2,17,eurwar1,96.6194375
7246,572019.wav,5,17,eurwar1,134.6823125
7247,571991.wav,2,17,eurwar1,94.6133125
7248,571580.wav,3,17,eurwar1,129.1098125
7249,571354.wav,3,17,eurwar1,13.006375
7250,571338.wav,2,17,eurwar1,107.0
7251,570587.wav,4,17,eurwar1,62.37975
7252,570527.wav,5,17,eurwar1,156.12
7253,570291.wav,5,17,eurwar1,41.090625
7254,570180.wav,3,17,eurwar1,1.867125
7255,570179.wav,2,17,eurwar1,1.3190625
7256,570174.wav,3,17,eurwar1,0.8825
7257,570173.wav,1,17,eurwar1,1.457625
7258,570172.wav,5,17,eurwar1,1.32875
7259,570171.wav,5,17,eurwar1,4.2
7260,570170.wav,3,17,eurwar1,181.7654375
7261,570167.wav,2,17,eurwar1,69.703125
7262,570166.wav,5,17,eurwar1,183.1699375
7263,570165.wav,1,17,eurwar1,12.2735
7264,570132.wav,1,17,eurwar1,141.8188125
7265,570130.wav,1,17,eurwar1,260.8326875
7266,569787.wav,2,17,eurwar1,57.51825
7267,569543.wav,4,17,eurwar1,136.0290625
7268,569542.wav,5,17,eurwar1,151.483875
7269,568382.wav,4,17,eurwar1,46.092
7270,568252.wav,5,17,eurwar1,11.81325
7271,567617.wav,2,17,eurwar1,56.713
7272,563968.wav,2,17,eurwar1,103.3229375
7273,562306.wav,2,17,eurwar1,155.083125
7274,562250.wav,3,17,eurwar1,117.600125
7275,561126.wav,5,17,eurwar1,84.285375
7276,560634.wav,5,17,eurwar1,38.1553125
7277,560177.wav,2,17,eurwar1,32.1343125
7278,560171.wav,3,17,eurwar1,24.5140625
7279,559090.wav,3,17,eurwar1,104.68225
7280,558758.wav,3,17,eurwar1,32.904
7281,558558.wav,2,17-18,eurwar1,314.7508125
7282,558499.wav,5,17,eurwar1,53.597125
7283,556053.wav,4,17,eurwar1,29.7284375
7284,555321.wav,4,17,eurwar1,70.6561875
7285,555031.wav,1,17,eurwar1,59.376
7286,555030.wav,2,17,eurwar1,33.024
7287,554995.wav,3,17,eurwar1,42.312
7288,554994.wav,2,17,eurwar1,105.864
7289,554991.wav,5,17,eurwar1,40.368
7290,554990.wav,5,17,eurwar1,154.752
7291,554983.wav,5,17,eurwar1,46.032
7292,551850.wav,5,17,eurwar1,19.2725625
7293,548180.wav,5,17,eurwar1,38.592
7294,521704.wav,5,17,eurwar1,160.4733125
7295,519994.wav,1,17,eurwar1,81.737125
7296,511697.wav,5,17,eurwar1,141.624
7297,511195.wav,4,17,eurwar1,55.7598125
7298,511194.wav,3,17,eurwar1,49.63975
7299,511193.wav,5,17,eurwar1,111.5900625
7300,511192.wav,3,17,eurwar1,15.493375
7301,511190.wav,4,17,eurwar1,65.89875
7302,511184.wav,1,17,eurwar1,27.71475
7303,506717.wav,2,17,eurwar1,21.8521875
7304,500562.wav,4,17,eurwar1,67.4746875
7305,497769.wav,2,17,eurwar1,198.1649375
7306,497754.wav,4,17,eurwar1,47.9346875
7307,497264.wav,4,17,eurwar1,68.893625
7308,497263.wav,4,17,eurwar1,45.20925
7309,496096.wav,2,17,eurwar1,56.292
7310,495974.wav,3,17,eurwar1,27.426
7311,492799.wav,1,17,eurwar1,62.798375
7312,492793.wav,5,17,eurwar1,202.8146875
7313,492713.wav,4,17,eurwar1,191.111875
7314,490860.wav,2,17,eurwar1,4.7695625
7315,490858.wav,5,17,eurwar1,20.8518125
7316,490853.wav,5,17,eurwar1,108.140375
7317,490852.wav,1,17,eurwar1,152.6308125
7318,490851.wav,1,17,eurwar1,36.9154375
7319,490850.wav,2,17,eurwar1,11.0084375
7320,490848.wav,4,17,eurwar1,29.336
7321,490847.wav,4,17,eurwar1,51.7110625
7322,490845.wav,5,17,eurwar1,73.673375
7323,488941.wav,5,17,eurwar1,15.795875
7324,487224.wav,5,17,eurwar1,57.1043125
7325,486752.wav,5,17,eurwar1,33.22775
7326,486095.wav,1,17,eurwar1,25.1298125
7327,485380.wav,1,17-17,eurwar1,36.504
7328,485310.wav,4,17,eurwar1,11.337125
7329,485192.wav,5,17-17,eurwar1,3.661625
7330,484846.wav,5,17,eurwar1,33.5935
7331,483944.wav,5,17,eurwar1,109.368
7332,483939.wav,4,17,eurwar1,34.992
7333,483938.wav,1,17,eurwar1,52.128
7334,482677.wav,1,17,eurwar1,588.4343125
7335,481799.wav,3,17,eurwar1,121.057
7336,481567.wav,5,17,eurwar1,58.8
7337,478300.wav,4,17,eurwar1,34.512625
7338,478199.wav,4,17,eurwar1,81.2813125
7339,478088.wav,2,17,eurwar1,30.624
7340,477966.wav,1,17,eurwar1,563.568
7341,477732.wav,3,17,eurwar1,187.0809375
7342,477604.wav,2,17,eurwar1,21.204
7343,476874.wav,2,17,eurwar1,81.6985
7344,476409.wav,1,17,eurwar1,50.755875
7345,475577.wav,4,17,eurwar1,282.6428125
7346,475507.wav,3,17,eurwar1,60.408
7347,475488.wav,3,17,eurwar1,74.808
7348,475477.wav,2,17,eurwar1,98.2994375
7349,475476.wav,5,17,eurwar1,77.5461875
7350,474931.wav,1,17,eurwar1,21.7401875
7351,474930.wav,5,17,eurwar1,38.1065
7352,474032.wav,3,17,eurwar1,36.49
7353,473930.wav,4,17,eurwar1,20.253625
7354,473833.wav,5,17,eurwar1,49.294125
7355,473648.wav,2,17,eurwar1,94.87675
7356,473221.wav,3,17,eurwar1,44.930625
7357,472136.wav,2,17,eurwar1,43.312125
7358,471968.wav,1,17,eurwar1,38.094875
7359,471966.wav,2,17,eurwar1,42.7790625
7360,470994.wav,5,17,eurwar1,241.00575
7361,470488.wav,2,17,eurwar1,16.3015
7362,470347.wav,3,17,eurwar1,126.5520625
7363,469804.wav,1,17,eurwar1,47.615875
7364,469803.wav,5,17,eurwar1,50.04
7365,469295.wav,3,17,eurwar1,118.047375
7366,466132.wav,1,17,eurwar1,132.5218125
7367,465335.wav,1,17,eurwar1,33.147875
7368,465333.wav,2,17,eurwar1,63.187625
7369,465331.wav,4,17,eurwar1,67.7063125
7370,463520.wav,5,17,eurwar1,69.58925
7371,459839.wav,2,17,eurwar1,67.1085625
7372,447311.wav,5,17,eurwar1,70.6758125
7373,447310.wav,2,17,eurwar1,59.1464375
7374,445285.wav,3,17,eurwar1,159.869375
7375,440364.wav,4,17,eurwar1,1047.9761875
7376,440361.wav,1,17,eurwar1,1126.0878125
7377,437808.wav,2,17,eurwar1,76.7931875
7378,437807.wav,2,17,eurwar1,108.8905
7379,437805.wav,1,17,eurwar1,111.6914375
7380,431062.wav,3,17-17,eurwar1,43.6245
7381,429210.wav,4,17,eurwar1,11.0113125
7382,426238.wav,3,17,eurwar1,20.0881875
7383,424458.wav,5,17,eurwar1,20.610625
7384,424110.wav,3,17,eurwar1,48.6264375
7385,421998.wav,1,17,eurwar1,23.206875
7386,421578.wav,1,17,eurwar1,98.4061875
7387,421556.wav,5,17,eurwar1,9.6391875
7388,421439.wav,4,17-15,eurwar1,45.7926875
7389,421435.wav,4,17,eurwar1,9.247375
7390,421400.wav,3,17-17,eurwar1,156.6563125
7391,421398.wav,4,17-17,eurwar1,139.938
7392,421053.wav,3,17,eurwar1,11.069
7393,418412.wav,2,17,eurwar1,95.94325
7394,418140.wav,1,17,eurwar1,99.44925
7395,418139.wav,3,17,eurwar1,101.878625
7396,417585.wav,1,17,eurwar1,245.6150625
7397,417119.wav,4,17,eurwar1,73.6394375
7398,417022.wav,4,17,eurwar1,270.6024375
7399,416749.wav,5,17,eurwar1,241.4951875
7400,416545.wav,1,17,eurwar1,82.111
7401,416473.wav,4,17,eurwar1,27.271875
7402,416470.wav,1,17,eurwar1,17.1624375
7403,416292.wav,4,17,eurwar1,65.7151875
7404,416242.wav,1,17-15,eurwar1,86.54475
7405,414642.wav,2,17,eurwar1,209.848625
7406,410583.wav,4,17,eurwar1,97.3783125
7407,410142.wav,1,17,eurwar1,79.517375
7408,408069.wav,5,17,eurwar1,383.86975
7409,388678.wav,4,17,eurwar1,177.1148125
7410,387390.wav,3,17,eurwar1,171.354125
7411,381858.wav,2,17,eurwar1,36.931
7412,381857.wav,3,17,eurwar1,95.678
7413,381856.wav,4,17,eurwar1,19.0870625
7414,380964.wav,1,17,eurwar1,23.602
7415,380963.wav,4,17,eurwar1,23.974
7416,380144.wav,4,17,eurwar1,38.9250625
7417,380138.wav,2,17,eurwar1,16.3508125
7418,380137.wav,2,17,eurwar1,17.7779375
7419,374732.wav,4,17,eurwar1,101.9114375
7420,374730.wav,4,17,eurwar1,214.6023125
7421,374729.wav,5,17,eurwar1,110.714
7422,374228.wav,1,17,eurwar1,35.5491875
7423,373909.wav,2,17,eurwar1,40.4636875
7424,373117.wav,4,17-16-10,eurwar1,24.6005625
7425,372906.wav,2,17,eurwar1,79.2565625
7426,371322.wav,3,17,eurwar1,145.46075
7427,371320.wav,3,17,eurwar1,42.6855
7428,370959.wav,1,17,eurwar1,198.02
7429,370107.wav,1,17,eurwar1,77.5325
7430,368570.wav,2,17,eurwar1,81.1363125
7431,367077.wav,3,17,eurwar1,42.8756875
7432,364920.wav,1,17,eurwar1,67.9533125
7433,347287.wav,5,17,eurwar1,8.689625
7434,347286.wav,3,17,eurwar1,7.6135625
7435,347285.wav,4,17,eurwar1,14.9008125
7436,347284.wav,5,17,eurwar1,32.693375
7437,345641.wav,1,17,eurwar1,555.528
7438,344227.wav,3,17,eurwar1,42.658
7439,344225.wav,1,17,eurwar1,16.90125
7440,344224.wav,3,17,eurwar1,36.4669375
7441,341947.wav,5,17,eurwar1,46.2
7442,341946.wav,1,17,eurwar1,198.696
7443,341941.wav,4,17,eurwar1,85.08
7444,341940.wav,4,17,eurwar1,192.216
7445,341925.wav,3,17,eurwar1,90.3836875
7446,337426.wav,5,17,eurwar1,97.936875
7447,337419.wav,5,17,eurwar1,188.416
7448,325450.wav,1,17,eurwar1,23.9393125
7449,322545.wav,4,17,eurwar1,68.62475
7450,321313.wav,4,17,eurwar1,115.1488125
7451,320350.wav,1,17,eurwar1,98.6536875
7452,320322.wav,5,17,eurwar1,294.710625
7453,319535.wav,5,17,eurwar1,58.93225
7454,319533.wav,1,17,eurwar1,48.718375
7455,317641.wav,2,17,eurwar1,154.398625
7456,315257.wav,3,17,eurwar1,95.8955
7457,312497.wav,3,17,eurwar1,44.842875
7458,299922.wav,4,17,eurwar1,28.2645
7459,292574.wav,2,17,eurwar1,54.5436875
7460,292056.wav,2,17,eurwar1,146.0785
7461,288937.wav,5,17,eurwar1,1342.5654375
7462,281515.wav,5,17,eurwar1,32.287375
7463,281514.wav,3,17,eurwar1,81.1624375
7464,281513.wav,2,17,eurwar1,57.54775
7465,281512.wav,1,17,eurwar1,87.8236875
7466,281511.wav,1,17,eurwar1,66.50775
7467,281510.wav,3,17,eurwar1,94.3543125
7468,281509.wav,3,17,eurwar1,104.5943125
7469,281508.wav,1,17,eurwar1,76.617125
7470,281507.wav,5,17,eurwar1,59.7681875
7471,279761.wav,4,17,eurwar1,88.7640625
7472,279503.wav,4,17,eurwar1,252.432
7473,270208.wav,2,17,eurwar1,27.3240625
7474,265058.wav,4,17,eurwar1,110.703375
7475,265057.wav,5,17,eurwar1,21.6598125
7476,263612.wav,5,17,eurwar1,66.1420625
7477,252877.wav,5,17,eurwar1,248.4964375
7478,247037.wav,4,17,eurwar1,102.407
7479,244435.wav,4,17-10,eurwar1,48.7194375
7480,240877.wav,3,17,eurwar1,58.159125
7481,240875.wav,5,17,eurwar1,47.1703125
7482,240873.wav,2,17,eurwar1,99.519375
7483,240833.wav,3,17,eurwar1,71.0688125
7484,225364.wav,1,17-16,eurwar1,36.022875
7485,217660.wav,3,17,eurwar1,139.938
7486,214097.wav,1,17,eurwar1,86.2040625
7487,211881.wav,2,17,eurwar1,55.9575625
7488,211880.wav,4,17,eurwar1,42.1946875
7489,195186.wav,4,17,eurwar1,29.953
7490,192669.wav,1,17,eurwar1,23.9669375
7491,189346.wav,1,17,eurwar1,136.071875
7492,189343.wav,2,17,eurwar1,106.60575
7493,186702.wav,4,17,eurwar1,40.4636875
7494,183125.wav,2,17,eurwar1,67.68325
7495,181365.wav,5,17,eurwar1,81.072
7496,181347.wav,4,17,eurwar1,380.2645
7497,181304.wav,2,17,eurwar1,74.8850625
7498,180941.wav,2,17,eurwar1,37.063
7499,180939.wav,2,17,eurwar1,167.9935
7500,180190.wav,2,17,eurwar1,132.763
7501,180170.wav,2,17,eurwar1,25.9929375
7502,179622.wav,5,17,eurwar1,50.311875
7503,177735.wav,1,17,eurwar1,53.3681875
7504,176094.wav,2,17,eurwar1,29.4369375
7505,176092.wav,4,17,eurwar1,6.39325
7506,176090.wav,5,17,eurwar1,30.068125
7507,167469.wav,3,17,eurwar1,559.36
7508,167041.wav,3,17-17,eurwar1,193.306125
7509,165766.wav,5,17,eurwar1,213.312
7510,162862.wav,1,17,eurwar1,20.2188125
7511,161912.wav,1,17,eurwar1,47.20325
7512,157121.wav,4,17,eurwar1,80.96725
7513,156470.wav,5,17,eurwar1,60.186125
7514,156466.wav,2,17,eurwar1,61.128
7515,150552.wav,1,17,eurwar1,39.1836875
7516,150549.wav,3,17,eurwar1,47.9608125
7517,150548.wav,4,17,eurwar1,10.318375
7518,150544.wav,4,17,eurwar1,169.038375
7519,144371.wav,3,17,eurwar1,10.9191875
7520,143082.wav,1,17,eurwar1,60.10775
7521,143077.wav,4,17,eurwar1,75.859625
7522,143035.wav,5,17,eurwar1,66.88475
7523,142804.wav,4,17,eurwar1,44.5388125
7524,142699.wav,3,17,eurwar1,92.4735
7525,142513.wav,2,17,eurwar1,32.6530625
7526,142293.wav,1,17,eurwar1,56.7901875
7527,142292.wav,5,17,eurwar1,75.598375
7528,142291.wav,4,17,eurwar1,36.1535
7529,142155.wav,4,17,eurwar1,179.6440625
7530,141960.wav,5,17,eurwar1,15.876
7531,138002.wav,3,17-15,eurwar1,556.5126875
7532,137888.wav,4,17,eurwar1,43.488
7533,137673.wav,2,17,eurwar1,56.28
7534,134083.wav,4,17,eurwar1,58.966625
7535,131003.wav,1,17,eurwar1,51.6496875
7536,130884.wav,3,17,eurwar1,113.3685625
7537,130556.wav,3,17,eurwar1,59.352
7538,124053.wav,2,17,eurwar1,107.88575
7539,124052.wav,4,17,eurwar1,88.8946875
7540,124051.wav,3,17,eurwar1,214.88325
7541,124047.wav,4,17,eurwar1,85.6555
7542,113363.wav,3,17,eurwar1,84.264
7543,113362.wav,3,17,eurwar1,44.04
7544,110341.wav,3,17,eurwar1,45.6881875
7545,109673.wav,2,17,eurwar1,124.081625
7546,106185.wav,5,17,eurwar1,124.6040625
7547,106114.wav,1,17,eurwar1,142.02775
7548,105518.wav,4,17,eurwar1,188.5148125
7549,104605.wav,4,17,eurwar1,40.2171875
7550,104603.wav,4,17,eurwar1,93.706125
7551,103722.wav,4,17,eurwar1,200.1240625
7552,102182.wav,4,17,eurwar1,49.3134375
7553,101548.wav,1,17,eurwar1,76.896
7554,101507.wav,5,17,eurwar1,29.231
7555,100996.wav,4,17,eurwar1,117.474
7556,98785.wav,1,17,eurwar1,174.8636875
7557,91266.wav,1,17,eurwar1,74.213875
7558,89363.wav,1,17,eurwar1,30.693875
7559,89257.wav,5,17,eurwar1,52.7935
7560,88447.wav,3,17,eurwar1,160.130625
7561,83231.wav,5,17,eurwar1,31.921625
7562,83197.wav,1,17-17,eurwar1,49.5020625
7563,82562.wav,5,17,eurwar1,30.3350625
7564,82561.wav,2,17,eurwar1,143.64575
7565,82560.wav,4,17,eurwar1,20.0873125
7566,79041.wav,2,17,eurwar1,27.7943125
7567,79040.wav,1,17,eurwar1,28.7085625
7568,79039.wav,5,17,eurwar1,37.538
7569,79038.wav,2,17,eurwar1,20.401625
7570,79037.wav,2,17,eurwar1,32.9926875
7571,79036.wav,3,17,eurwar1,38.217125
7572,78139.wav,2,17,eurwar1,182.5075625
7573,78138.wav,2,17,eurwar1,179.8054375
7574,77969.wav,4,17,eurwar1,180.6796875
7575,72758.wav,5,17,eurwar1,41.0645
7576,67252.wav,1,17,eurwar1,122.0963125
7577,54520.wav,4,17,eurwar1,42.9975625
7578,54519.wav,4,17,eurwar1,100.5714375
7579,54027.wav,5,17,eurwar1,61.6721875
7580,52388.wav,4,17,eurwar1,99.482375
7581,52387.wav,3,17,eurwar1,95.2100625
7582,50648.wav,5,17,eurwar1,116.108875
7583,49641.wav,1,17-16,eurwar1,84.767375
7584,44644.wav,2,17,eurwar1,41.503625
7585,42543.wav,2,17,eurwar1,67.5526875
7586,39620.wav,4,17,eurwar1,19.8378125
7587,35094.wav,5,17,eurwar1,94.1453125
7588,30186.wav,3,17,eurwar1,162.48
7589,29728.wav,2,17,eurwar1,80.784
7590,29720.wav,5,17,eurwar1,44.773875
7591,27999.wav,4,17-17,eurwar1,56.502875
7592,27123.wav,3,17,eurwar1,58.3314375
7593,27122.wav,3,17,eurwar1,80.770625
7594,27121.wav,2,17,eurwar1,27.7681875
7595,25608.wav,1,17,eurwar1,71.1836875
7596,25607.wav,1,17,eurwar1,125.466125
7597,25606.wav,4,17,eurwar1,41.22125
7598,19625.wav,3,17,eurwar1,18.050625
7599,698191.wav,4,17,eurwar1,320.7253125
7600,698190.wav,3,17,eurwar1,259.7546875
7601,697723.wav,4,17,eurwar1,7.84675
7602,690294.wav,5,17,eurwar1,5.171625
7603,690164.wav,4,17,eurwar1,119.026625
7604,685977.wav,4,17,eurwar1,23.593125
7605,684235.wav,3,17,eurwar1,18.129
7606,683669.wav,2,17,eurwar1,23.022375
7607,683668.wav,5,17,eurwar1,28.0841875
7608,683062.wav,4,17,eurwar1,49.079625
7609,682601.wav,2,17,eurwar1,87.1994375
7610,680857.wav,4,17,eurwar1,31.8155625
7611,675603.wav,2,17,eurwar1,81.7075625
7612,674376.wav,3,17,eurwar1,8.8555
7613,673892.wav,4,17,eurwar1,61.953875
7614,673531.wav,1,17,eurwar1,4.509
7615,673530.wav,5,17,eurwar1,16.3585
7616,672026.wav,4,17,eurwar1,16.0444375
7617,671620.wav,1,17,eurwar1,42.7333125
7618,671211.wav,1,17,eurwar1,35.296
7619,670575.wav,1,17,eurwar1,15.1881875
7620,670574.wav,2,17,eurwar1,27.1698125
7621,670030.wav,4,17,eurwar1,50.88
7622,669222.wav,4,17,eurwar1,26.586875
7623,669138.wav,1,17,eurwar1,33.278125
7624,667936.wav,2,17,eurwar1,29.26325
7625,667934.wav,2,17,eurwar1,29.26325
7626,667933.wav,1,17,eurwar1,247.0603125
7627,667932.wav,4,17,eurwar1,291.642625
7628,667930.wav,3,17,eurwar1,291.642625
7629,667126.wav,1,17,eurwar1,29.9125625
7630,667123.wav,4,17,eurwar1,25.4935625
7631,666689.wav,2,17,eurwar1,28.4676875
7632,666688.wav,3,17,eurwar1,11.79575
7633,666255.wav,2,17,eurwar1,16.0085625
7634,664062.wav,4,17,eurwar1,64.728
7635,663584.wav,5,17,eurwar1,28.224
7636,660506.wav,5,17,eurwar1,267.36325
7637,660414.wav,2,17,eurwar1,30.679125
7638,660172.wav,3,17,eurwar1,278.0735
7639,658780.wav,1,17,eurwar1,48.310625
7640,658171.wav,3,17-16,eurwar1,62.272
7641,658143.wav,5,17,eurwar1,52.4825
7642,657657.wav,3,17,eurwar1,128.6791875
7643,657656.wav,2,17,eurwar1,59.089
7644,656484.wav,1,17,eurwar1,76.905875
7645,656446.wav,2,17,eurwar1,173.9495
7646,656256.wav,3,17,eurwar1,66.0
7647,655992.wav,4,17,eurwar1,81.693
7648,654220.wav,2,17,eurwar1,14.7765
7649,653434.wav,5,17,eurwar1,13.6041875
7650,653090.wav,4,17,eurwar1,137.1504375
7651,652999.wav,3,17,eurwar1,153.024125
7652,651741.wav,1,17,eurwar1,118.0
7653,651711.wav,3,17,eurwar1,59.272625
7654,651703.wav,5,17,eurwar1,72.5354375
7655,651366.wav,3,17,eurwar1,27.9466875
7656,649788.wav,4,17,eurwar1,258.1790625
7657,649717.wav,3,17-17,eurwar1,87.0240625
7658,649440.wav,4,17,eurwar1,65.4853125
7659,649330.wav,1,17,eurwar1,9.5469375
7660,646735.wav,4,17,eurwar1,98.2141875
7661,645764.wav,3,17,eurwar1,79.5093125
7662,645422.wav,3,17,eurwar1,6.8130625
7663,645367.wav,2,17,eurwar1,46.5116875
7664,645108.wav,1,17-13,eurwar1,72.222875
7665,645033.wav,2,17,eurwar1,66.8758125
7666,643554.wav,3,17,eurwar1,93.0220625
7667,639531.wav,5,17,eurwar1,9.934375
7668,638187.wav,3,17,eurwar1,17.4040625
7669,634402.wav,2,17,eurwar1,10.880625
7670,633646.wav,5,17,eurwar1,79.3139375
7671,628098.wav,4,17,eurwar1,141.0346875
7672,622739.wav,3,17,eurwar1,67.68325
7673,614985.wav,5,17,eurwar1,20.0263125
7674,597472.wav,2,17,eurwar1,21.888
7675,595556.wav,5,17,eurwar1,29.92
7676,594513.wav,4,17,eurwar1,28.2445
7677,589848.wav,4,17,eurwar1,41.195125
7678,589847.wav,4,17,eurwar1,67.3436875
7679,588523.wav,2,17,eurwar1,1.1
7680,588521.wav,1,17,eurwar1,16.2390625
7681,588520.wav,3,17,eurwar1,68.738125
7682,588519.wav,3,17,eurwar1,43.3701875
7683,588481.wav,4,17,eurwar1,70.4970625
7684,587296.wav,3,17,eurwar1,25.7878125
7685,586782.wav,3,17,eurwar1,10.6
7686,586582.wav,4,17,eurwar1,35.06
7687,584787.wav,5,17,eurwar1,430.7185625
7688,584368.wav,5,17,eurwar1,54.467
7689,584367.wav,3,17,eurwar1,72.401625
7690,583655.wav,3,17,eurwar1,87.2294375
7691,582308.wav,5,17,eurwar1,25.8214375
7692,580827.wav,5,17,eurwar1,50.8986875
7693,580471.wav,5,17,eurwar1,4.4
7694,579815.wav,5,17,eurwar1,132.627125
7695,579814.wav,2,17,eurwar1,12.226
7696,579812.wav,4,17,eurwar1,11.8619375
7697,578638.wav,1,17,eurwar1,173.31325
7698,577634.wav,1,17,eurwar1,102.23875
7699,575075.wav,2,17,eurwar1,59.4024375
7700,574112.wav,5,17,eurwar1,211.017125
7701,573564.wav,5,17,eurwar1,223.753875
7702,572910.wav,1,17,eurwar1,22.4124375
7703,572909.wav,1,17,eurwar1,32.5921875
7704,572806.wav,5,17,eurwar1,39.111875
7705,572804.wav,4,17,eurwar1,11.8906875
7706,572803.wav,5,17,eurwar1,11.0141875
7707,572801.wav,2,17,eurwar1,10.4684375
7708,572800.wav,1,17,eurwar1,14.371375
7709,572799.wav,5,17,eurwar1,29.9995625
7710,572797.wav,1,17,eurwar1,46.8515
7711,572794.wav,3,17,eurwar1,63.0585625
7712,572793.wav,4,17,eurwar1,27.303875
7713,572792.wav,2,17,eurwar1,22.42525
7714,572791.wav,2,17,eurwar1,57.617625
7715,572790.wav,3,17,eurwar1,58.609875
7716,572680.wav,5,17,eurwar1,58.6261875
7717,572646.wav,2,17,eurwar1,39.171
7718,572114.wav,4,17,eurwar1,69.12
7719,571620.wav,5,17,eurwar1,30.1970625
7720,571583.wav,1,17,eurwar1,186.4806875
7721,571581.wav,3,17,eurwar1,129.881875
7722,571577.wav,2,17,eurwar1,90.156875
7723,571576.wav,5,17,eurwar1,248.48775
7724,571464.wav,4,17,eurwar1,588.5271875
7725,571217.wav,3,17,eurwar1,47.9031875
7726,571206.wav,5,17,eurwar1,63.295875
7727,570989.wav,3,17,eurwar1,10.3735
7728,570500.wav,2,17-10,eurwar1,70.113625
7729,570178.wav,5,17,eurwar1,20.9565625
7730,570073.wav,4,17,eurwar1,26.5206875
7731,570036.wav,2,17,eurwar1,9.0969375
7732,569988.wav,4,17,eurwar1,38.360875
7733,569987.wav,5,17,eurwar1,46.4565
7734,569858.wav,5,17,eurwar1,117.4465625
7735,569538.wav,3,17,eurwar1,97.463
7736,569244.wav,5,17,eurwar1,74.4511875
7737,568843.wav,2,17,eurwar1,39.8089375
7738,568842.wav,1,17,eurwar1,89.17375
7739,568818.wav,2,17,eurwar1,48.53025
7740,568743.wav,1,17,eurwar1,15.875375
7741,568742.wav,1,17,eurwar1,5.9845625
7742,568740.wav,3,17,eurwar1,9.198125
7743,568739.wav,5,17,eurwar1,7.4855
7744,568361.wav,1,17,eurwar1,55.873
7745,567616.wav,3,17,eurwar1,80.401
7746,567564.wav,5,17-15,eurwar1,92.63125
7747,567270.wav,5,17,eurwar1,173.5256875
7748,567138.wav,5,17,eurwar1,20.689
7749,567059.wav,5,17,eurwar1,37.7469375
7750,566054.wav,2,17,eurwar1,50.044375
7751,565724.wav,2,17,eurwar1,56.706875
7752,565606.wav,2,17,eurwar1,84.26525
7753,565605.wav,3,17,eurwar1,47.4304375
7754,565355.wav,5,17,eurwar1,46.1023125
7755,564455.wav,5,17,eurwar1,27.8726875
7756,564454.wav,1,17,eurwar1,21.733875
7757,564432.wav,4,17,eurwar1,131.0119375
7758,564047.wav,5,17,eurwar1,20.922375
7759,563992.wav,1,17,eurwar1,181.1853125
7760,563492.wav,3,17,eurwar1,7.104125
7761,563491.wav,4,17,eurwar1,0.4985
7762,563490.wav,4,17,eurwar1,13.038625
7763,563356.wav,4,17,eurwar1,28.3439375
7764,563284.wav,4,17,eurwar1,58.9
7765,563283.wav,5,17,eurwar1,93.9746875
7766,563282.wav,1,17,eurwar1,68.0745625
7767,563249.wav,4,17,eurwar1,90.482
7768,562546.wav,1,17,eurwar1,56.136
7769,562394.wav,4,17,eurwar1,48.3065
7770,562046.wav,5,17,eurwar1,6.1065
7771,561806.wav,3,17,eurwar1,422.217125
7772,560554.wav,3,17,eurwar1,120.186
7773,560194.wav,5,17,eurwar1,501.3159375
7774,560172.wav,2,17,eurwar1,87.6930625
7775,560169.wav,5,17,eurwar1,26.801625
7776,560141.wav,2,17,eurwar1,130.74775
7777,560075.wav,4,17,eurwar1,15.972625
7778,559928.wav,5,17,eurwar1,268.669375
7779,559667.wav,3,17,eurwar1,73.5608125
7780,559080.wav,3,17-10,eurwar1,82.198
7781,559079.wav,5,17,eurwar1,79.8861875
7782,559042.wav,4,17,eurwar1,25.1298125
7783,558484.wav,2,17,eurwar1,20.5264375
7784,557913.wav,4,17-16,eurwar1,62.6608125
7785,557024.wav,3,17,eurwar1,16.248
7786,556699.wav,4,17,eurwar1,10.833375
7787,555632.wav,4,17,eurwar1,123.3501875
7788,555477.wav,1,17,eurwar1,39.967375
7789,554979.wav,1,17,eurwar1,123.864
7790,554683.wav,2,17,eurwar1,97.7995625
7791,554046.wav,2,17,eurwar1,63.024
7792,554045.wav,5,17,eurwar1,10.824
7793,554030.wav,1,17,eurwar1,52.4335
7794,553630.wav,3,17,eurwar1,23.784
7795,553626.wav,3,17,eurwar1,20.04
7796,553625.wav,4,17,eurwar1,47.544
7797,553483.wav,2,17,eurwar1,160.9404375
7798,550726.wav,2,17,eurwar1,334.2613125
7799,549325.wav,1,17,eurwar1,71.915125
7800,549315.wav,4,17,eurwar1,74.7885625
7801,546396.wav,4,17,eurwar1,108.5663125
7802,544627.wav,1,17,eurwar1,20.653
7803,536800.wav,4,17,eurwar1,96.3135
7804,536798.wav,1,17,eurwar1,45.7143125
7805,534269.wav,4,17,eurwar1,53.8090625
7806,534268.wav,5,17,eurwar1,7.798125
7807,534265.wav,5,17,eurwar1,50.408625
7808,534263.wav,1,17,eurwar1,57.8345
7809,534260.wav,5,17,eurwar1,50.0364375
7810,529755.wav,3,17,eurwar1,50.4946875
7811,528601.wav,1,17,eurwar1,26.602
7812,528279.wav,4,17,eurwar1,29.59875
7813,523569.wav,5,17,eurwar1,212.23725
7814,516365.wav,2,17,eurwar1,62.3614375
7815,504211.wav,5,17,eurwar1,74.736
7816,497787.wav,3,17,eurwar1,29.920625
7817,492798.wav,2,17,eurwar1,129.201625
7818,491657.wav,3,17,eurwar1,22.8049375
7819,490861.wav,5,17,eurwar1,35.3140625
7820,490859.wav,5,17,eurwar1,101.197625
7821,490857.wav,2,17,eurwar1,6.665375
7822,490856.wav,3,17,eurwar1,8.771375
7823,490849.wav,4,17,eurwar1,22.1301875
7824,490844.wav,2,17,eurwar1,3.0998125
7825,490187.wav,2,17,eurwar1,51.8269375
7826,489061.wav,2,17,eurwar1,14.1855625
7827,489060.wav,2,17,eurwar1,23.61575
7828,488942.wav,4,17,eurwar1,21.3403125
7829,488474.wav,3,17,eurwar1,47.30775
7830,487273.wav,1,17,eurwar1,5.1815
7831,487235.wav,2,17,eurwar1,68.52
7832,486090.wav,1,17-10,eurwar1,65.5035
7833,484077.wav,4,17,eurwar1,125.0220625
7834,481771.wav,4,17,eurwar1,52.848625
7835,481586.wav,2,17,eurwar1,40.4375625
7836,481097.wav,2,17,eurwar1,63.5036875
7837,479659.wav,2,17,eurwar1,91.8706875
7838,479657.wav,2,17,eurwar1,177.4821875
7839,479651.wav,1,17,eurwar1,98.216375
7840,478299.wav,1,17,eurwar1,22.6179375
7841,478198.wav,5,17,eurwar1,33.370125
7842,478197.wav,4,17,eurwar1,157.04625
7843,478152.wav,2,17,eurwar1,30.2236875
7844,477140.wav,3,17,eurwar1,74.98725
7845,476876.wav,2,17,eurwar1,52.3443125
7846,476087.wav,3,17-10,eurwar1,154.58175
7847,475592.wav,4,17,eurwar1,28.344
7848,475205.wav,1,17-16,eurwar1,16.992
7849,474033.wav,3,17,eurwar1,42.3293125
7850,473550.wav,1,17-16,eurwar1,12.984
7851,473219.wav,5,17-17,eurwar1,67.89225
7852,471907.wav,1,17,eurwar1,57.769
7853,470988.wav,4,17-17,eurwar1,139.9640625
7854,470003.wav,3,17,eurwar1,43.1281875
7855,468064.wav,4,17,eurwar1,289.253875
7856,467473.wav,4,17,eurwar1,15.422625
7857,463519.wav,5,17,eurwar1,65.2369375
7858,454656.wav,3,17,eurwar1,19.8938125
7859,445284.wav,2,17,eurwar1,115.596
7860,444842.wav,4,17,eurwar1,36.4669375
7861,440113.wav,5,17,eurwar1,40.758
7862,429060.wav,3,17,eurwar1,8.856125
7863,424196.wav,5,17,eurwar1,71.4451875
7864,424109.wav,4,17,eurwar1,652.3709375
7865,424084.wav,4,17,eurwar1,383.88975
7866,424037.wav,4,17,eurwar1,583.2451875
7867,424035.wav,4,17,eurwar1,617.712125
7868,422189.wav,3,17,eurwar1,46.96925
7869,421596.wav,2,17,eurwar1,140.977
7870,419884.wav,1,17,eurwar1,76.387
7871,419590.wav,3,17,eurwar1,25.344
7872,418554.wav,5,17,eurwar1,181.7875625
7873,418494.wav,4,17,eurwar1,166.8701875
7874,417716.wav,4,17,eurwar1,20.437
7875,417451.wav,5,17-17,eurwar1,148.8155625
7876,417126.wav,4,17,eurwar1,118.056
7877,416507.wav,5,17,eurwar1,61.883375
7878,416272.wav,5,17,eurwar1,76.826125
7879,415890.wav,2,17-16,eurwar1,479.050375
7880,415886.wav,5,17,eurwar1,178.55175
7881,415885.wav,2,17,eurwar1,105.5459375
7882,414686.wav,4,17,eurwar1,60.0226875
7883,412345.wav,3,17,eurwar1,72.3138125
7884,411143.wav,2,17,eurwar1,501.0075
7885,410775.wav,3,17,eurwar1,20.221
7886,406090.wav,1,17,eurwar1,88.872
7887,405348.wav,2,17,eurwar1,98.592
7888,405347.wav,2,17,eurwar1,60.048
7889,395479.wav,5,17,eurwar1,33.696
7890,394877.wav,3,17,eurwar1,13.4600625
7891,394774.wav,1,17,eurwar1,21.4988125
7892,394624.wav,2,17,eurwar1,13.0594375
7893,394532.wav,4,17,eurwar1,46.1985625
7894,394531.wav,3,17,eurwar1,41.6154375
7895,393095.wav,4,17,eurwar1,44.5126875
7896,389108.wav,3,17,eurwar1,12.878375
7897,385561.wav,2,17,eurwar1,34.0636875
7898,381552.wav,5,17,eurwar1,19.9929375
7899,381331.wav,3,17,eurwar1,51.04775
7900,381178.wav,5,17-10,eurwar1,23.1611875
7901,380674.wav,2,17,eurwar1,33.183125
7902,380478.wav,5,17,eurwar1,75.8589375
7903,380143.wav,3,17,eurwar1,43.37125
7904,379091.wav,5,17,eurwar1,57.157
7905,379034.wav,3,17,eurwar1,301.296625
7906,376814.wav,1,17,eurwar1,110.0549375
7907,376769.wav,3,17,eurwar1,45.756125
7908,376061.wav,4,17,eurwar1,70.32
7909,375886.wav,3,17,eurwar1,39.054125
7910,375120.wav,4,17,eurwar1,497.2930625
7911,374731.wav,4,17,eurwar1,47.4321875
7912,374314.wav,2,17,eurwar1,46.744
7913,374213.wav,3,17,eurwar1,43.1941875
7914,373892.wav,1,17,eurwar1,46.7299375
7915,373579.wav,2,17,eurwar1,88.4529375
7916,371848.wav,4,17,eurwar1,25.3969375
7917,371845.wav,3,17,eurwar1,16.882625
7918,369931.wav,3,17,eurwar1,87.746375
7919,368212.wav,5,17,eurwar1,134.8046875
7920,368208.wav,4,17,eurwar1,162.4633125
7921,367448.wav,5,17,eurwar1,161.4019375
7922,367447.wav,4,17,eurwar1,38.160625
7923,367318.wav,1,17,eurwar1,8.012375
7924,367039.wav,4,17,eurwar1,29.6866875
7925,366994.wav,4,17,eurwar1,101.1733125
7926,366714.wav,4,17,eurwar1,13.46625
7927,365787.wav,2,17,eurwar1,10.7504375
7928,365786.wav,1,17,eurwar1,18.269125
7929,363299.wav,1,17,eurwar1,107.2994375
7930,363298.wav,5,17,eurwar1,139.6246875
7931,363297.wav,3,17,eurwar1,32.8794375
7932,363296.wav,5,17,eurwar1,31.96225
7933,359153.wav,1,17,eurwar1,11.6715
7934,353862.wav,2,17,eurwar1,70.6373125
7935,353861.wav,4,17,eurwar1,9.856375
7936,344222.wav,1,17,eurwar1,41.8481875
7937,340344.wav,1,17,eurwar1,60.1196875
7938,337973.wav,3,17,eurwar1,9.9970625
7939,337604.wav,5,17,eurwar1,14.9681875
7940,337603.wav,3,17,eurwar1,57.0514375
7941,337602.wav,5,17,eurwar1,90.853875
7942,337601.wav,2,17,eurwar1,55.222875
7943,337600.wav,5,17,eurwar1,47.8040625
7944,337599.wav,4,17,eurwar1,28.42125
7945,337598.wav,1,17,eurwar1,64.36575
7946,337597.wav,3,17,eurwar1,30.537125
7947,336626.wav,2,17,eurwar1,11.807375
7948,334318.wav,4,17,eurwar1,42.3455625
7949,330753.wav,4,17,eurwar1,150.2286875
7950,330285.wav,2,17,eurwar1,18.2183125
7951,328603.wav,1,17,eurwar1,28.6563125
7952,328271.wav,4,17,eurwar1,71.5755
7953,326481.wav,2,17,eurwar1,69.39925
7954,321578.wav,2,17,eurwar1,57.1949375
7955,321314.wav,5,17,eurwar1,74.2933125
7956,320593.wav,3,17,eurwar1,83.755
7957,319639.wav,5,17,eurwar1,44.8886875
7958,317639.wav,3,17,eurwar1,110.4261875
7959,317526.wav,5,17,eurwar1,13.224
7960,316461.wav,3,17,eurwar1,34.704
7961,315891.wav,4,17,eurwar1,78.1025
7962,310805.wav,2,17,eurwar1,57.555625
7963,308730.wav,2,17,eurwar1,60.814125
7964,307974.wav,3,17,eurwar1,27.6245625
7965,307679.wav,5,17,eurwar1,61.3104375
7966,307586.wav,1,17,eurwar1,8.006
7967,307585.wav,2,17,eurwar1,41.0308125
7968,307584.wav,5,17,eurwar1,7.01225
7969,307583.wav,1,17,eurwar1,3.0154375
7970,305353.wav,1,17,eurwar1,7.4188125
7971,292856.wav,2,17,eurwar1,14.218375
7972,292397.wav,5,17,eurwar1,22.0073125
7973,292061.wav,4,17,eurwar1,38.1288125
7974,287479.wav,1,17,eurwar1,144.5518125
7975,265309.wav,3,17,eurwar1,54.7526875
7976,265298.wav,5,17,eurwar1,123.5069375
7977,265249.wav,1,17,eurwar1,6.672
7978,261480.wav,2,17,eurwar1,146.616
7979,254423.wav,5,17,eurwar1,32.8430625
7980,253068.wav,1,17,eurwar1,37.3221875
7981,252650.wav,3,17,eurwar1,187.951
7982,247878.wav,4,17,eurwar1,67.84
7983,247877.wav,1,17,eurwar1,57.2604375
7984,247876.wav,5,17,eurwar1,65.097125
7985,246513.wav,1,17,eurwar1,27.838875
7986,246392.wav,1,17,eurwar1,22.3634375
7987,246309.wav,2,17,eurwar1,405.1330625
7988,246307.wav,2,17,eurwar1,475.5069375
7989,246206.wav,1,17,eurwar1,32.2161875
7990,246069.wav,4,17,eurwar1,432.3526875
7991,246028.wav,2,17-16,eurwar1,67.0040625
7992,245955.wav,1,17,eurwar1,15.5341875
7993,241458.wav,2,17,eurwar1,34.4116875
7994,240426.wav,1,17,eurwar1,67.84
7995,239999.wav,2,17,eurwar1,19.618
7996,218016.wav,4,17-16,eurwar1,28.8914375
7997,211879.wav,1,17,eurwar1,31.728875
7998,211877.wav,5,17,eurwar1,55.2815625
7999,211876.wav,1,17,eurwar1,12.3135625
8000,209799.wav,1,17,eurwar1,242.209
8001,209116.wav,2,17,eurwar1,65.5060625
8002,209115.wav,1,17,eurwar1,70.8675625
8003,209093.wav,4,17,eurwar1,26.5665625
8004,203612.wav,1,17,eurwar1,50.497
8005,196233.wav,4,17,eurwar1,156.578
8006,195622.wav,3,17,eurwar1,175.177125
8007,194316.wav,2,17,eurwar1,16.311875
8008,187938.wav,3,17,eurwar1,19.2116875
8009,184140.wav,1,17,eurwar1,36.936
8010,183990.wav,1,17,eurwar1,89.0293125
8011,183825.wav,1,17,eurwar1,116.8166875
8012,183522.wav,1,17,eurwar1,20.7609375
8013,183429.wav,2,17,eurwar1,32.3575625
8014,181977.wav,2,17,eurwar1,18.5873125
8015,180754.wav,3,17,eurwar1,23.9281875
8016,180131.wav,3,17,eurwar1,70.384375
8017,179933.wav,3,17,eurwar1,45.66775
8018,179932.wav,4,17,eurwar1,182.5175625
8019,179924.wav,1,17,eurwar1,53.755
8020,179031.wav,4,17,eurwar1,107.5548125
8021,175377.wav,3,17,eurwar1,65.616
8022,167138.wav,3,17,eurwar1,65.071
8023,163354.wav,5,17,eurwar1,120.0588125
8024,161913.wav,4,17,eurwar1,64.8620625
8025,152699.wav,3,17,eurwar1,22.08
8026,152697.wav,5,17,eurwar1,22.153
8027,150594.wav,2,17,eurwar1,71.472
8028,149171.wav,1,17,eurwar1,49.1624375
8029,144967.wav,2,17,eurwar1,219.87
8030,144505.wav,3,17,eurwar1,17.3266875
8031,141961.wav,3,17,eurwar1,41.832
8032,138212.wav,1,17,eurwar1,133.99475
8033,138175.wav,5,17,eurwar1,97.224
8034,138012.wav,2,17,eurwar1,25.2368125
8035,136194.wav,1,17,eurwar1,65.28
8036,127369.wav,4,17,eurwar1,3.61225
8037,124054.wav,5,17,eurwar1,250.9845
8038,124050.wav,4,17,eurwar1,111.8824375
8039,124049.wav,2,17,eurwar1,60.31675
8040,124048.wav,4,17,eurwar1,120.7640625
8041,121022.wav,2,17,eurwar1,58.3116875
8042,112559.wav,1,17,eurwar1,115.497
8043,112557.wav,1,17,eurwar1,69.2180625
8044,106075.wav,5,17,eurwar1,178.155125
8045,104606.wav,1,17,eurwar1,43.30775
8046,104087.wav,1,17,eurwar1,42.072
8047,103581.wav,4,17,eurwar1,26.4359375
8048,103580.wav,3,17,eurwar1,121.2081875
8049,102789.wav,1,17,eurwar1,20.448
8050,101938.wav,1,17,eurwar1,20.271
8051,100997.wav,1,17,eurwar1,107.8835
8052,100612.wav,3,17,eurwar1,82.351
8053,89365.wav,5,17,eurwar1,27.089
8054,89364.wav,2,17,eurwar1,37.5901875
8055,78971.wav,1,17,eurwar1,50.4946875
8056,78114.wav,2,17,eurwar1,151.249
8057,78112.wav,3,17,eurwar1,77.1135
8058,67251.wav,5,17,eurwar1,44.1991875
8059,67135.wav,5,17,eurwar1,37.279625
8060,67134.wav,4,17,eurwar1,28.42125
8061,62084.wav,3,17,eurwar1,29.7535
8062,61908.wav,2,17,eurwar1,45.4008125
8063,61890.wav,5,17,eurwar1,46.106125
8064,43600.wav,5,17,eurwar1,25.469375
8065,41449.wav,1,17,eurwar1,39.5755
8066,41415.wav,5,17,eurwar1,34.951875
8067,36480.wav,1,17-17-16,eurwar1,53.0546875
8068,34980.wav,1,17,eurwar1,47.9346875
8069,34096.wav,2,17,eurwar1,41.5346875
8070,29169.wav,2,17,eurwar1,19.591875
8071,27124.wav,5,17,eurwar1,27.3501875
8072,26579.wav,2,17,eurwar1,75.2326875
8073,26023.wav,5,17,eurwar1,35.3436875
8074,25605.wav,3,17-16,eurwar1,116.689
8075,25604.wav,5,17,eurwar1,59.4285625
8076,24971.wav,1,17,eurwar1,76.68
8077,24939.wav,5,17,eurwar1,8.881625
8078,702892.wav,3,17,eurwar1,1.68925
8079,690368.wav,3,17,eurwar1,6.469
8080,675604.wav,5,17,eurwar1,16.72225
8081,675601.wav,3,17,eurwar1,15.51575
8082,673529.wav,5,17,eurwar1,29.12975
8083,671567.wav,1,17-10,eurwar1,29.6758125
8084,670892.wav,2,17,eurwar1,22.3129375
8085,669221.wav,5,17,eurwar1,23.8416875
8086,667128.wav,3,17,eurwar1,25.0145625
8087,667127.wav,2,17,eurwar1,64.2035
8088,666407.wav,1,17,eurwar1,19.2831875
8089,666256.wav,5,17,eurwar1,44.8278125
8090,664388.wav,3,17,eurwar1,66.072
8091,662637.wav,5,17,eurwar1,28.7666875
8092,662636.wav,4,17,eurwar1,63.46875
8093,662634.wav,5,17,eurwar1,92.2251875
8094,662633.wav,5,17,eurwar1,136.9348125
8095,661708.wav,2,17,eurwar1,31.320125
8096,660974.wav,2,17,eurwar1,22.528
8097,658463.wav,3,17,eurwar1,58.5386875
8098,656658.wav,1,17,eurwar1,126.142375
8099,654928.wav,5,17,eurwar1,23.552
8100,652839.wav,3,17,eurwar1,15.4455625
8101,649273.wav,1,17,eurwar1,24.739
8102,648004.wav,1,17,eurwar1,68.5825
8103,647914.wav,1,17,eurwar1,197.62825
8104,647913.wav,2,17,eurwar1,75.1766875
8105,647680.wav,4,17,eurwar1,6.3604375
8106,642771.wav,4,17,eurwar1,18.3901875
8107,642215.wav,4,17,eurwar1,27.8963125
8108,635358.wav,4,17,eurwar1,18.373
8109,628636.wav,4,17,eurwar1,10.76975
8110,627113.wav,3,17,eurwar1,12.119375
8111,619302.wav,2,17,eurwar1,37.461375
8112,604119.wav,3,17,eurwar1,52.0449375
8113,604118.wav,3,17,eurwar1,61.7480625
8114,604116.wav,1,17,eurwar1,95.4328125
8115,596159.wav,1,17,eurwar1,17.77175
8116,588636.wav,3,17,eurwar1,118.3648125
8117,588635.wav,2,17,eurwar1,37.9319375
8118,588634.wav,1,17,eurwar1,32.663875
8119,588633.wav,2,17,eurwar1,32.5060625
8120,588632.wav,4,17,eurwar1,13.9250625
8121,588631.wav,4,17,eurwar1,214.6356875
8122,588630.wav,5,17,eurwar1,3.8301875
8123,581198.wav,4,17,eurwar1,140.2761875
8124,578321.wav,4,17,eurwar1,48.8808125
8125,578319.wav,1,17,eurwar1,103.8813125
8126,577641.wav,5,17,eurwar1,48.285375
8127,573625.wav,4,17,eurwar1,57.264
8128,573289.wav,4,17,eurwar1,54.0821875
8129,572029.wav,1,17,eurwar1,49.374375
8130,572024.wav,3,17-15,eurwar1,121.1830625
8131,572022.wav,1,17,eurwar1,42.27075
8132,571989.wav,3,17,eurwar1,67.538
8133,571762.wav,3,17,eurwar1,24.685375
8134,571724.wav,4,17,eurwar1,243.017125
8135,571469.wav,1,17,eurwar1,20.5124375
8136,571467.wav,2,17,eurwar1,10.235125
8137,570177.wav,4,17,eurwar1,0.7340625
8138,570176.wav,5,17,eurwar1,4.1624375
8139,570074.wav,1,17,eurwar1,33.318
8140,569240.wav,1,17,eurwar1,131.083625
8141,567177.wav,5,17,eurwar1,66.795125
8142,565602.wav,4,17,eurwar1,21.616125
8143,565601.wav,5,17,eurwar1,51.4795625
8144,564456.wav,4,17,eurwar1,27.219625
8145,564077.wav,2,17,eurwar1,18.4685625
8146,564065.wav,1,17,eurwar1,209.5680625
8147,564064.wav,2,17,eurwar1,48.5504375
8148,564061.wav,3,17,eurwar1,56.824625
8149,564060.wav,3,17,eurwar1,71.3153125
8150,564058.wav,3,17,eurwar1,16.5904375
8151,564056.wav,4,17,eurwar1,25.1281875
8152,564046.wav,3,17,eurwar1,4.9321875
8153,564045.wav,5,17,eurwar1,5.780375
8154,564044.wav,2,17,eurwar1,6.75425
8155,564043.wav,3,17,eurwar1,4.241
8156,564042.wav,4,17,eurwar1,12.063375
8157,563726.wav,2,17,eurwar1,150.5959375
8158,563493.wav,3,17,eurwar1,2.335875
8159,563277.wav,5,17,eurwar1,67.4481875
8160,562544.wav,3,17,eurwar1,57.36
8161,555784.wav,3,17,eurwar1,20.715125
8162,548550.wav,2,17,eurwar1,27.3415
8163,529756.wav,5,17,eurwar1,83.5135
8164,526296.wav,5,17,eurwar1,0.8848125
8165,526254.wav,5,17,eurwar1,3.83275
8166,521472.wav,5,17,eurwar1,73.9004375
8167,518803.wav,4,17,eurwar1,18.242625
8168,512899.wav,2,17,eurwar1,12.0926875
8169,490855.wav,2,17,eurwar1,58.6945
8170,489062.wav,1,17,eurwar1,39.8639375
8171,487221.wav,3,17,eurwar1,132.8589375
8172,484365.wav,4,17,eurwar1,198.0075
8173,483388.wav,1,17,eurwar1,49.0085
8174,483192.wav,4,17,eurwar1,49.061
8175,478139.wav,4,17,eurwar1,33.48
8176,476345.wav,2,17,eurwar1,30.481
8177,476344.wav,2,17,eurwar1,28.801
8178,475873.wav,1,17,eurwar1,357.769
8179,475871.wav,3,17,eurwar1,59.809
8180,474338.wav,1,17,eurwar1,21.2114375
8181,472137.wav,5,17,eurwar1,96.967625
8182,472133.wav,3,17-17,eurwar1,45.337
8183,472129.wav,4,17,eurwar1,149.641
8184,472128.wav,1,17,eurwar1,29.065
8185,472127.wav,1,17,eurwar1,107.521
8186,472126.wav,3,17,eurwar1,54.961
8187,472125.wav,4,17,eurwar1,189.769
8188,471184.wav,3,17,eurwar1,270.121
8189,471183.wav,1,17,eurwar1,173.353
8190,471181.wav,5,17,eurwar1,247.801
8191,470714.wav,5,17,eurwar1,14.34975
8192,470675.wav,3,17,eurwar1,608.089
8193,470673.wav,1,17,eurwar1,641.017
8194,470656.wav,3,17,eurwar1,47.905
8195,470655.wav,4,17,eurwar1,354.049
8196,470647.wav,3,17,eurwar1,287.857
8197,470545.wav,4,17,eurwar1,193.153
8198,470541.wav,3,17,eurwar1,50.473
8199,470471.wav,1,17,eurwar1,417.481
8200,470469.wav,3,17,eurwar1,341.833
8201,470465.wav,3,17,eurwar1,57.073
8202,470463.wav,5,17,eurwar1,152.857
8203,470460.wav,2,17-17,eurwar1,235.609
8204,470380.wav,5,17,eurwar1,83.377
8205,470369.wav,3,17,eurwar1,48.601
8206,470367.wav,4,17,eurwar1,72.193
8207,470365.wav,1,17,eurwar1,200.305
8208,470363.wav,1,17,eurwar1,104.161
8209,470132.wav,1,17,eurwar1,72.385
8210,470131.wav,5,17,eurwar1,34.129
8211,470130.wav,2,17,eurwar1,135.169
8212,470124.wav,2,17,eurwar1,93.361
8213,470121.wav,2,17,eurwar1,43.825
8214,470098.wav,2,17,eurwar1,177.457
8215,470097.wav,4,17,eurwar1,83.497
8216,470096.wav,2,17,eurwar1,47.521
8217,470035.wav,1,17,eurwar1,470.161
8218,470033.wav,4,17,eurwar1,709.585
8219,470030.wav,5,17,eurwar1,382.249
8220,470028.wav,4,17,eurwar1,245.209
8221,470026.wav,2,17,eurwar1,220.465
8222,469520.wav,3,17,eurwar1,1120.225
8223,468923.wav,5,17,eurwar1,107.8335
8224,463921.wav,3,17,eurwar1,29.041
8225,451443.wav,3,17,eurwar1,11.67675
8226,431791.wav,2,17,eurwar1,24.111
8227,422136.wav,4,17,eurwar1,28.029375
8228,418507.wav,5,17,eurwar1,21.60325
8229,417583.wav,2,17,eurwar1,60.578
8230,417260.wav,5,17,eurwar1,16.47125
8231,417094.wav,5,17,eurwar1,23.9684375
8232,416728.wav,5,17,eurwar1,23.7191875
8233,416726.wav,1,17,eurwar1,24.111
8234,410697.wav,4,17,eurwar1,45.661
8235,385560.wav,4,17,eurwar1,22.0735
8236,381580.wav,1,17,eurwar1,17.8155
8237,379245.wav,3,17,eurwar1,19.5135
8238,372918.wav,4,17,eurwar1,24.47675
8239,372916.wav,3,17,eurwar1,12.0685625
8240,372712.wav,3,17,eurwar1,6.818
8241,370787.wav,5,17-16,eurwar1,277.849
8242,370781.wav,2,17-16,eurwar1,240.505
8243,370780.wav,4,17-16,eurwar1,497.593
8244,370682.wav,3,17,eurwar1,144.121
8245,370681.wav,1,17,eurwar1,75.001
8246,370680.wav,4,17,eurwar1,270.265
8247,370678.wav,4,17,eurwar1,78.265
8248,370677.wav,2,17,eurwar1,84.961
8249,370674.wav,2,17,eurwar1,94.345
8250,370532.wav,2,17,eurwar1,159.145
8251,370529.wav,4,17,eurwar1,146.065
8252,370527.wav,2,17-16,eurwar1,472.657
8253,370523.wav,2,17-17,eurwar1,229.801
8254,370518.wav,3,17-16,eurwar1,326.833
8255,370509.wav,5,17,eurwar1,175.465
8256,370507.wav,3,17,eurwar1,465.409
8257,370502.wav,5,17,eurwar1,53.497
8258,370498.wav,4,17,eurwar1,43.153
8259,370495.wav,2,17,eurwar1,179.233
8260,370459.wav,2,17,eurwar1,48.793
8261,370457.wav,1,17,eurwar1,245.761
8262,370432.wav,4,17,eurwar1,53.377
8263,370426.wav,3,17,eurwar1,25.849
8264,370425.wav,3,17,eurwar1,102.817
8265,370424.wav,3,17,eurwar1,77.113
8266,370423.wav,3,17,eurwar1,76.777
8267,370421.wav,4,17,eurwar1,41.809
8268,370420.wav,4,17,eurwar1,30.601
8269,370414.wav,1,17,eurwar1,26.569
8270,370413.wav,2,17,eurwar1,39.841
8271,370412.wav,1,17,eurwar1,61.009
8272,370411.wav,4,17,eurwar1,62.329
8273,370288.wav,2,17,eurwar1,20.689
8274,370287.wav,2,17,eurwar1,30.337
8275,370286.wav,1,17,eurwar1,15.073
8276,370279.wav,4,17,eurwar1,319.345
8277,370262.wav,5,17,eurwar1,223.441
8278,370261.wav,1,17,eurwar1,497.689
8279,370185.wav,5,17,eurwar1,44.905
8280,370137.wav,2,17,eurwar1,60.697
8281,370136.wav,4,17,eurwar1,20.713
8282,370135.wav,5,17,eurwar1,51.361
8283,370134.wav,1,17,eurwar1,29.761
8284,363605.wav,4,17,eurwar1,96.2623125
8285,346553.wav,1,17,eurwar1,12.1541875
8286,340117.wav,3,17,eurwar1,15.3515625
8287,337596.wav,3,17,eurwar1,102.0604375
8288,330944.wav,2,17,eurwar1,111.058375
8289,330754.wav,1,17,eurwar1,361.34075
8290,330311.wav,5,17,eurwar1,95.6343125
8291,323718.wav,1,17,eurwar1,14.367375
8292,321780.wav,4,17,eurwar1,16.06
8293,321369.wav,2,17,eurwar1,35.168
8294,316692.wav,1,17,eurwar1,36.049
8295,316691.wav,5,17,eurwar1,50.050625
8296,315713.wav,2,17,eurwar1,21.912
8297,315350.wav,4,17,eurwar1,133.8825625
8298,310402.wav,3,17,eurwar1,375.6669375
8299,310400.wav,1,17,eurwar1,65.149375
8300,310397.wav,4,17,eurwar1,31.4775625
8301,309634.wav,5,17,eurwar1,13.0108125
8302,291125.wav,1,17,eurwar1,95.6343125
8303,289865.wav,5,17,eurwar1,53.838375
8304,285138.wav,3,17,eurwar1,14.7591875
8305,252348.wav,3,17,eurwar1,11.2231875
8306,247882.wav,1,17,eurwar1,544.5095625
8307,246214.wav,2,17,eurwar1,19.591875
8308,239665.wav,4,17,eurwar1,77.087375
8309,238565.wav,5,17,eurwar1,45.92
8310,209798.wav,1,17,eurwar1,83.761
8311,209797.wav,5,17,eurwar1,60.097
8312,209796.wav,2,17,eurwar1,60.361
8313,209795.wav,4,17,eurwar1,81.577
8314,209794.wav,2,17,eurwar1,145.201
8315,209792.wav,3,17,eurwar1,134.737
8316,209791.wav,5,17,eurwar1,179.305
8317,209790.wav,4,17,eurwar1,70.777
8318,209789.wav,5,17,eurwar1,173.785
8319,209788.wav,3,17,eurwar1,153.553
8320,209787.wav,2,17,eurwar1,104.521
8321,206616.wav,5,17,eurwar1,62.8626875
8322,195190.wav,3,17,eurwar1,31.337
8323,193625.wav,4,17,eurwar1,40.056
8324,193610.wav,5,17,eurwar1,39.6288125
8325,191400.wav,3,17,eurwar1,41.1964375
8326,183478.wav,3,17,eurwar1,60.0084375
8327,181164.wav,1,17,eurwar1,190.997
8328,177013.wav,3,17,eurwar1,35.24025
8329,176776.wav,5,17,eurwar1,39.889
8330,155896.wav,3,17,eurwar1,14.0716875
8331,147942.wav,3,17,eurwar1,37.250625
8332,147904.wav,2,17,eurwar1,15.9085625
8333,147903.wav,2,17,eurwar1,24.9730625
8334,147902.wav,5,17,eurwar1,62.902875
8335,144451.wav,5,17,eurwar1,86.3371875
8336,133702.wav,2,17,eurwar1,95.9366875
8337,132356.wav,1,17,eurwar1,24.437
8338,131440.wav,2,17,eurwar1,20.0098125
8339,122109.wav,4,17,eurwar1,42.7624375
8340,122107.wav,1,17,eurwar1,44.85225
8341,61909.wav,1,17,eurwar1,35.866125
8342,61907.wav,4,17,eurwar1,44.3036875
8343,54518.wav,1,17,eurwar1,21.81225
8344,54517.wav,1,17,eurwar1,8.019625
8345,42316.wav,1,17,eurwar1,28.186125
8346,41453.wav,1,17,eurwar1,44.208
8347,28666.wav,1,17,eurwar1,32.15675
8348,658621.wav,4,17,eurwar1,260.1173125
8349,658620.wav,3,17,eurwar1,260.1173125
8350,658619.wav,1,17,eurwar1,260.1173125
8351,658583.wav,1,17,eurwar1,170.365875
8352,653975.wav,4,17,eurwar1,10.5650625
8353,649729.wav,3,17,eurwar1,7.27775
8354,620369.wav,1,17,eurwar1,53.5390625
8355,567752.wav,5,17,eurwar1,67.3436875
8356,567389.wav,1,17,eurwar1,16.7918125
8357,503636.wav,3,17,eurwar1,8.88
8358,495211.wav,4,17,eurwar1,12.2253125
8359,489487.wav,4,17,eurwar1,29.5125625
8360,486920.wav,4,17,eurwar1,36.96325
8361,482668.wav,5,17-10,eurwar1,13.2440625
8362,477514.wav,1,17,eurwar1,188.568
8363,475875.wav,2,17,eurwar1,52.249
8364,473218.wav,1,17,eurwar1,221.59675
8365,472140.wav,2,17,eurwar1,58.17575
8366,470378.wav,5,17,eurwar1,44.689
8367,455210.wav,1,17,eurwar1,61.164
8368,370189.wav,2,17,eurwar1,16.897
8369,370186.wav,4,17,eurwar1,12.481
8370,354159.wav,1,17,eurwar1,299.593625
8371,322163.wav,1,17,eurwar1,618.9975625
8372,289973.wav,2,17,eurwar1,132.265
8373,289972.wav,1,17,eurwar1,252.193
8374,289971.wav,4,17,eurwar1,250.561
8375,289970.wav,3,17,eurwar1,250.801
8376,289969.wav,4,17,eurwar1,250.513
8377,289968.wav,2,17,eurwar1,250.537
8378,289967.wav,1,17,eurwar1,250.465
8379,252308.wav,4,17,eurwar1,16.0653125
8380,203503.wav,5,17,eurwar1,145.513
8381,203502.wav,3,17,eurwar1,250.561
8382,203501.wav,2,17,eurwar1,111.985
8383,203500.wav,3,17,eurwar1,108.529
8384,203499.wav,4,17,eurwar1,250.729
8385,203498.wav,2,17,eurwar1,109.945
8386,203497.wav,5,17,eurwar1,250.489
8387,203496.wav,2,17,eurwar1,120.313
8388,203495.wav,4,17,eurwar1,94.969
8389,203494.wav,1,17,eurwar1,44.617
8390,179032.wav,2,17,eurwar1,73.8743125
8391,99172.wav,3,17,eurwar1,34.0636875
8392,652553.wav,3,17,eurwar1,29.4311875
8393,567751.wav,3,17,eurwar1,45.724875
8394,565068.wav,2,17,eurwar1,4.654375
8395,561842.wav,5,17,eurwar1,29.4429375
8396,561685.wav,1,17,eurwar1,24.4041875
8397,503640.wav,1,17,eurwar1,17.712
8398,495205.wav,4,17,eurwar1,108.1208125
8399,487526.wav,4,17,eurwar1,43.2588125
8400,486922.wav,5,17,eurwar1,31.94775
8401,486921.wav,2,17,eurwar1,53.0546875
8402,484032.wav,2,17,eurwar1,24.9469375
8403,483666.wav,4,17,eurwar1,37.6685625
8404,477904.wav,2,17,eurwar1,122.2530625
8405,477900.wav,1,17,eurwar1,67.657125
8406,477844.wav,5,17,eurwar1,49.619625
8407,371267.wav,4,17-16,eurwar1,498.145
8408,371263.wav,3,17-16,eurwar1,498.145
8409,371256.wav,1,17,eurwar1,282.673
8410,298531.wav,3,17-17,eurwar1,128.473
8411,298528.wav,5,17,eurwar1,163.585
8412,298527.wav,1,17,eurwar1,251.233
8413,298526.wav,1,17,eurwar1,85.009
8414,203623.wav,2,17,eurwar1,252.073
8415,203621.wav,5,17,eurwar1,229.681
8416,203620.wav,3,17,eurwar1,250.705
8417,203618.wav,3,17,eurwar1,62.665
8418,203616.wav,3,17,eurwar1,180.721
8419,203615.wav,2,17,eurwar1,190.657
8420,203614.wav,2,17,eurwar1,60.145
8421,203613.wav,2,17,eurwar1,251.113
8422,176552.wav,1,17,eurwar1,16.561625
8423,137473.wav,5,17,eurwar1,82.656
8424,71735.wav,5,17,eurwar1,17.1625
8425,695371.wav,1,18,comsan,8.3565
8426,694191.wav,3,18,comsan,10.4344375
8427,691595.wav,1,18,comsan,8.1453125
8428,691593.wav,4,18,comsan,137.353875
8429,675776.wav,2,18,comsan,8.605625
8430,672027.wav,3,18,comsan,0.9599375
8431,671460.wav,2,18,comsan,5.544
8432,671459.wav,4,18,comsan,7.74
8433,671443.wav,2,18,comsan,14.904
8434,671438.wav,4,18,comsan,5.22
8435,670276.wav,5,18,comsan,4.879875
8436,670080.wav,3,18,comsan,11.1734375
8437,669969.wav,5,18,comsan,16.877875
8438,669881.wav,3,18,comsan,2.706
8439,669073.wav,1,18,comsan,11.9256875
8440,669042.wav,4,18,comsan,14.3403125
8441,667806.wav,3,18,comsan,35.547125
8442,664012.wav,5,18,comsan,10.4455625
8443,663898.wav,5,18,comsan,66.6131875
8444,662751.wav,3,18,comsan,13.791
8445,662508.wav,4,18,comsan,63.2868125
8446,660177.wav,3,18,comsan,6.67325
8447,659279.wav,4,18,comsan,130.967
8448,658631.wav,2,18,comsan,13.416875
8449,655998.wav,3,18,comsan,9.6095625
8450,655997.wav,4,18,comsan,11.123
8451,655996.wav,1,18,comsan,25.66875
8452,653714.wav,4,18,comsan,16.48675
8453,653699.wav,1,18,comsan,9.0861875
8454,651714.wav,2,18,comsan,12.04775
8455,650622.wav,3,18,comsan,9.672375
8456,650276.wav,4,18,comsan,8.95775
8457,650270.wav,2,18,comsan,35.542
8458,649895.wav,3,18,comsan,3.21025
8459,648672.wav,2,18,comsan,35.246
8460,648450.wav,5,18,comsan,47.748
8461,648403.wav,2,18,comsan,68.3234375
8462,648104.wav,4,18,comsan,5.3673125
8463,647100.wav,3,18,comsan,3.458375
8464,646600.wav,4,18,comsan,3.627
8465,646465.wav,1,18,comsan,5.7595
8466,646457.wav,1,18,comsan,27.9568125
8467,646310.wav,5,18,comsan,7.92
8468,646223.wav,3,18,comsan,10.24
8469,646183.wav,2,18,comsan,58.018
8470,646093.wav,4,18,comsan,21.14875
8471,644655.wav,3,18,comsan,5.874
8472,644516.wav,3,18,comsan,43.5491875
8473,644076.wav,3,18,comsan,7.971875
8474,643855.wav,5,18,comsan,70.8135
8475,643795.wav,3,18,comsan,2.2175
8476,643721.wav,1,18,comsan,17.46225
8477,643238.wav,3,18,comsan,2.523875
8478,643226.wav,3,18,comsan,3.663125
8479,643060.wav,1,18,comsan,1.991
8480,642698.wav,4,18,comsan,17.46225
8481,642447.wav,3,18,comsan,3.93125
8482,642258.wav,5,18,comsan,7.2559375
8483,641598.wav,4,18,comsan,1.727125
8484,639418.wav,3,18,comsan,9.7988125
8485,639415.wav,2,18,comsan,4.4495
8486,639192.wav,2,18,comsan,21.057625
8487,637972.wav,4,18,comsan,1.7981875
8488,637268.wav,5,18,comsan,7.3125625
8489,630150.wav,4,18,comsan,3.4888125
8490,629452.wav,1,18,comsan,7.285875
8491,629449.wav,4,18,comsan,41.741
8492,622858.wav,5,18,comsan,12.2506875
8493,619377.wav,5,18,comsan,9.195125
8494,606397.wav,5,18,comsan,52.526125
8495,600832.wav,3,18,comsan,11.339625
8496,599578.wav,3,18,comsan,76.994
8497,599577.wav,2,18,comsan,83.206625
8498,599571.wav,2,18,comsan,7.0094375
8499,594516.wav,1,18,comsan,23.66575
8500,594469.wav,1,18,comsan,2.4048125
8501,594340.wav,1,18,comsan,17.447625
8502,592709.wav,3,18,comsan,68.5926875
8503,589149.wav,1,18,comsan,24.0701875
8504,589069.wav,2,18,comsan,5.6163125
8505,588213.wav,2,18,comsan,2.4443125
8506,588181.wav,3,18,comsan,1.330875
8507,588180.wav,4,18,comsan,2.179625
8508,588178.wav,3,18,comsan,2.5259375
8509,587272.wav,4,18,comsan,10.1935625
8510,585819.wav,2,18,comsan,3.2391875
8511,585042.wav,5,18,comsan,4.403875
8512,584397.wav,3,18,comsan,141.171375
8513,584186.wav,2,18,comsan,3.182375
8514,583385.wav,4,18,comsan,5.0039375
8515,582510.wav,1,18,comsan,23.5263125
8516,581732.wav,5,18,comsan,58.01575
8517,581608.wav,3,18,comsan,6.361
8518,581434.wav,4,18,comsan,9.8300625
8519,580916.wav,1,18,comsan,26.84
8520,580910.wav,4,18,comsan,113.017
8521,580725.wav,5,18,comsan,24.635
8522,580713.wav,3,18,comsan,23.0
8523,580687.wav,3,18,comsan,59.791375
8524,580678.wav,3,18,comsan,40.0544375
8525,580567.wav,1,18,comsan,2.113
8526,580537.wav,4,18,comsan,35.4411875
8527,580136.wav,4,18,comsan,11.04
8528,579770.wav,3,18,comsan,3.109625
8529,579713.wav,3,18,comsan,4.874
8530,579407.wav,4,18,comsan,44.6105625
8531,579221.wav,5,18,comsan,3.0534375
8532,578616.wav,2,18,comsan,30.466
8533,578614.wav,1,18,comsan,39.456
8534,578545.wav,1,18,comsan,3.494625
8535,577943.wav,3,18,comsan,17.7689375
8536,577935.wav,3,18,comsan,19.5834375
8537,577633.wav,3,18,comsan,145.92925
8538,577189.wav,3,18,comsan,4.273
8539,575338.wav,3,18,comsan,2.414875
8540,574989.wav,4,18,comsan,4.27325
8541,574299.wav,3,18,comsan,45.174125
8542,573393.wav,3,18,comsan,10.475125
8543,571299.wav,4,18,comsan,13.91975
8544,565358.wav,5,18,comsan,13.667625
8545,562809.wav,3,18,comsan,60.546875
8546,561755.wav,3,18,comsan,8.53675
8547,560630.wav,3,18,comsan,10.0568125
8548,559611.wav,5,18,comsan,1.86
8549,558028.wav,4,18,comsan,2.9006875
8550,555679.wav,1,18,comsan,10.2590625
8551,553962.wav,4,18,comsan,3.52475
8552,553456.wav,5,18,comsan,24.6596875
8553,533545.wav,4,18,comsan,23.592
8554,520584.wav,2,18,comsan,8.448
8555,518442.wav,1,18,comsan,7.4123125
8556,517427.wav,4,18,comsan,18.207375
8557,513698.wav,2,18,comsan,76.392
8558,513692.wav,5,18,comsan,30.1834375
8559,503479.wav,3,18,comsan,54.607875
8560,497335.wav,5,18,comsan,463.72575
8561,497333.wav,2,18,comsan,669.28325
8562,497331.wav,1,18,comsan,92.133875
8563,496436.wav,3,18,comsan,18.864
8564,495023.wav,5,18,comsan,11.441625
8565,493128.wav,5,18,comsan,27.7159375
8566,492456.wav,2,18,comsan,44.5388125
8567,489454.wav,3,18,comsan,15.2485
8568,489268.wav,5,18,comsan,6.5115
8569,484233.wav,5,18,comsan,262.582875
8570,484232.wav,1,18,comsan,106.39675
8571,480975.wav,3,18,comsan,26.895
8572,476791.wav,5,18,comsan,3.0389375
8573,471027.wav,1,18,comsan,51.0704375
8574,455720.wav,2,18,comsan,28.8310625
8575,443741.wav,4,18,comsan,23.60375
8576,442156.wav,2,18,comsan,12.0043125
8577,437197.wav,1,18,comsan,17.3126875
8578,435523.wav,5,18,comsan,10.302
8579,435516.wav,4,18,comsan,21.4624375
8580,434829.wav,3,18,comsan,9.121625
8581,434827.wav,4,18,comsan,6.9258125
8582,431111.wav,2,18,comsan,42.29225
8583,430800.wav,4,18,comsan,8.590625
8584,428192.wav,5,18,comsan,37.8635
8585,425079.wav,4,18,comsan,59.04325
8586,425078.wav,3,18,comsan,22.84075
8587,422061.wav,4,18,comsan,19.0775
8588,422060.wav,3,18,comsan,49.88575
8589,422057.wav,5,18,comsan,5.2194375
8590,405136.wav,2,18,comsan,13.6158125
8591,401805.wav,4,18,comsan,56.7841875
8592,387542.wav,3,18,comsan,5.928
8593,385916.wav,4,18,comsan,10.704375
8594,385914.wav,4,18,comsan,30.314
8595,385912.wav,1,18,comsan,21.4055625
8596,383758.wav,1,18,comsan,24.02075
8597,383203.wav,2,18,comsan,32.701125
8598,381749.wav,5,18,comsan,8.401
8599,377716.wav,4,18,comsan,44.7009375
8600,373910.wav,5,18,comsan,44.878375
8601,371997.wav,3,18,comsan,12.3820625
8602,371996.wav,5,18,comsan,20.819625
8603,371324.wav,5,18,comsan,19.68
8604,370350.wav,3,18,comsan,66.168
8605,342917.wav,2,18,comsan,16.8259375
8606,342915.wav,4,18,comsan,5.0985625
8607,342914.wav,3,18,comsan,3.3814375
8608,331037.wav,3,18,comsan,41.4301875
8609,331036.wav,3,18,comsan,17.893875
8610,323384.wav,4,18,comsan,21.0
8611,322395.wav,3,18,comsan,62.7933125
8612,319861.wav,3,18,comsan,28.5938125
8613,319860.wav,2,18,comsan,77.2033125
8614,281136.wav,4,18,comsan,10.266125
8615,281135.wav,3,18,comsan,10.9191875
8616,281134.wav,5,18,comsan,52.871875
8617,281133.wav,2,18,comsan,28.395125
8618,281132.wav,5,18,comsan,9.5608125
8619,281131.wav,4,18,comsan,7.68
8620,281130.wav,1,18,comsan,10.266125
8621,281129.wav,2,18,comsan,18.9388125
8622,281128.wav,3,18,comsan,17.8155
8623,279601.wav,3,18,comsan,9.299625
8624,277965.wav,4,18,comsan,10.176
8625,277309.wav,5,18,comsan,26.5143125
8626,266359.wav,3,18,comsan,10.9191875
8627,263951.wav,2,18,comsan,6.06875
8628,241902.wav,2,18,comsan,50.267625
8629,241901.wav,5,18,comsan,6.920625
8630,240497.wav,3,18,comsan,45.144
8631,239575.wav,2,18,comsan,27.8465625
8632,237060.wav,5,18,comsan,9.499
8633,216979.wav,1,18,comsan,24.68575
8634,215171.wav,5,18,comsan,143.472
8635,213342.wav,4,18,comsan,42.475125
8636,199515.wav,4,18,comsan,30.241
8637,197017.wav,1,18,comsan,11.99125
8638,187104.wav,4,18,comsan,82.656
8639,157223.wav,2,18,comsan,21.696
8640,157141.wav,2,18,comsan,46.92
8641,148834.wav,5,18,comsan,27.9249375
8642,142817.wav,2,18,comsan,9.52
8643,139128.wav,2,18,comsan,30.1191875
8644,129378.wav,3,18,comsan,11.36325
8645,123893.wav,5,18,comsan,57.364875
8646,123009.wav,4,18,comsan,154.1224375
8647,123006.wav,3,18,comsan,124.6301875
8648,123005.wav,4,18,comsan,113.3453125
8649,123004.wav,3,18,comsan,109.6098125
8650,123002.wav,5,18,comsan,177.789375
8651,123000.wav,2,18,comsan,140.3820625
8652,122999.wav,2,18,comsan,158.955125
8653,122997.wav,4,18,comsan,249.835125
8654,122920.wav,5,18,comsan,137.8743125
8655,122919.wav,4,18,comsan,251.115125
8656,122917.wav,3,18,comsan,202.7624375
8657,121755.wav,3,18,comsan,132.022875
8658,121754.wav,1,18,comsan,66.690625
8659,121748.wav,1,18,comsan,31.84325
8660,121741.wav,4,18,comsan,250.88
8661,121739.wav,3,18,comsan,89.86125
8662,121737.wav,1,18,comsan,112.2481875
8663,120425.wav,4,18,comsan,1.567375
8664,108014.wav,5,18,comsan,18.036
8665,105273.wav,2,18,comsan,36.2670625
8666,105272.wav,4,18,comsan,60.4480625
8667,99966.wav,1,18,comsan,10.213875
8668,86015.wav,2,18,comsan,54.151875
8669,67387.wav,2,18,comsan,10.4844375
8670,29460.wav,4,18,comsan,7.5755
8671,27065.wav,2,18,comsan,62.1453125
8672,27064.wav,4,18,comsan,26.4881875
8673,25135.wav,1,18,comsan,41.6391875
8674,25127.wav,3,18,comsan,81.789375
8675,702580.wav,2,18,comsan,8.448
8676,702328.wav,4,18,comsan,24.9718125
8677,699920.wav,3,18,comsan,10.9739375
8678,698555.wav,3,18,comsan,30.902875
8679,698225.wav,5,18,comsan,3.1965
8680,698224.wav,4,18,comsan,9.6308125
8681,698223.wav,2,18,comsan,2.3573125
8682,689927.wav,4,18,comsan,31.2163125
8683,686405.wav,1,18,comsan,52.893125
8684,686345.wav,2,18,comsan,8.569375
8685,686341.wav,2,18,comsan,18.895
8686,683466.wav,5,18,comsan,3.0041875
8687,682485.wav,3,18,comsan,2.320875
8688,682474.wav,3,18,comsan,2.182125
8689,682471.wav,1,18,comsan,4.6615
8690,682463.wav,4,18,comsan,4.9463125
8691,681863.wav,1,18,comsan,8.96575
8692,681382.wav,1,18,comsan,10.3791875
8693,681381.wav,5,18,comsan,13.791
8694,681230.wav,2,18,comsan,6.078
8695,681053.wav,4,18,comsan,6.094125
8696,680014.wav,1,18,comsan,101.4335
8697,678954.wav,4,18,comsan,10.2653125
8698,678892.wav,5,18,comsan,22.9345625
8699,678739.wav,5,18,comsan,3.061625
8700,678535.wav,2,18,comsan,16.608125
8701,678534.wav,3,18,comsan,34.9045
8702,677816.wav,1,18,comsan,25.857875
8703,677814.wav,4,18,comsan,14.3614375
8704,677812.wav,1,18,comsan,48.57575
8705,676427.wav,4,18,comsan,12.0876875
8706,675549.wav,4,18,comsan,13.056
8707,675262.wav,2,18,comsan,3.7685
8708,674656.wav,4,18,comsan,100.2840625
8709,674050.wav,1,18,comsan,9.9788125
8710,674049.wav,4,18,comsan,52.401625
8711,673341.wav,2,18,comsan,10.5045625
8712,672722.wav,2,18,comsan,9.0729375
8713,672721.wav,2,18,comsan,7.1940625
8714,672464.wav,3,18,comsan,2.239375
8715,671981.wav,3,18,comsan,6.817875
8716,671963.wav,5,18,comsan,14.28
8717,671723.wav,3,18,comsan,40.979125
8718,671166.wav,5,18,comsan,50.473
8719,671165.wav,2,18,comsan,46.681
8720,671028.wav,2,18,comsan,2.1968125
8721,670693.wav,2,18,comsan,10.5654375
8722,670332.wav,4,18,comsan,7.0528125
8723,670265.wav,4,18,comsan,17.748
8724,670173.wav,3,18,comsan,2.177875
8725,670095.wav,4,18,comsan,5.150875
8726,669711.wav,5,18,comsan,2.5079375
8727,669472.wav,5,18,comsan,4.6091875
8728,669165.wav,1,18,comsan,12.776125
8729,668909.wav,5,18,comsan,22.994125
8730,668902.wav,1,18,comsan,19.9396875
8731,668785.wav,3,18,comsan,8.7345625
8732,668678.wav,2,18,comsan,8.7816875
8733,668324.wav,5,18,comsan,4.01725
8734,668060.wav,4,18,comsan,2.5230625
8735,668059.wav,3,18,comsan,4.883
8736,668058.wav,2,18,comsan,4.883
8737,668009.wav,2,18,comsan,3.0495625
8738,667812.wav,2,18,comsan,22.663625
8739,667808.wav,4,18,comsan,8.99775
8740,667725.wav,4,18,comsan,3.098375
8741,667665.wav,2,18,comsan,6.5248125
8742,667630.wav,2,18,comsan,16.6255
8743,667555.wav,1,18,comsan,8.138625
8744,667400.wav,5,18,comsan,6.5791875
8745,667391.wav,5,18,comsan,17.0145
8746,666748.wav,2,18,comsan,4.185375
8747,666675.wav,2,18,comsan,4.15575
8748,666343.wav,1,18,comsan,1.140875
8749,666163.wav,3,18,comsan,13.9438125
8750,666039.wav,1,18,comsan,5.13475
8751,665633.wav,4,18,comsan,39.2305
8752,665630.wav,2,18,comsan,36.4218125
8753,665628.wav,4,18,comsan,19.9766875
8754,665513.wav,5,18,comsan,25.6523125
8755,665492.wav,1,18,comsan,19.203875
8756,665470.wav,2,18,comsan,6.4870625
8757,665469.wav,4,18,comsan,12.527875
8758,665465.wav,4,18,comsan,10.6091875
8759,665247.wav,5,18,comsan,1.9830625
8760,665205.wav,5,18,comsan,7.292625
8761,665016.wav,4,18,comsan,18.8778125
8762,664793.wav,4,18,comsan,27.30475
8763,664763.wav,4,18,comsan,9.6735625
8764,663987.wav,3,18,comsan,36.0830625
8765,663717.wav,5,18,comsan,77.9540625
8766,663708.wav,5,18,comsan,53.1244375
8767,663650.wav,5,18,comsan,3.664625
8768,663488.wav,5,18,comsan,14.3138125
8769,662277.wav,3,18,comsan,5.19475
8770,661968.wav,4,18,comsan,66.0749375
8771,660045.wav,5,18,comsan,13.416875
8772,659587.wav,2,18,comsan,4.856125
8773,658688.wav,1,18,comsan,102.27575
8774,658626.wav,5,18,comsan,11.10225
8775,658624.wav,1,18,comsan,22.35925
8776,658349.wav,1,18,comsan,10.8689375
8777,655999.wav,1,18,comsan,14.9190625
8778,654288.wav,4,18,comsan,4.4563125
8779,652588.wav,4,18,comsan,13.897125
8780,650926.wav,1,18,comsan,3.6541875
8781,650099.wav,4,18,comsan,1.7794375
8782,649693.wav,1,18,comsan,7.1314375
8783,649026.wav,5,18,comsan,4.4415
8784,649023.wav,5,18,comsan,3.674625
8785,648951.wav,1,18,comsan,2.4290625
8786,648335.wav,3,18,comsan,4.8239375
8787,647793.wav,4,18,comsan,9.4056875
8788,647542.wav,2,18,comsan,6.6
8789,647517.wav,5,18,comsan,2.961875
8790,647475.wav,1,18,comsan,2.6220625
8791,647097.wav,1,18,comsan,2.737875
8792,647095.wav,4,18,comsan,4.2653125
8793,647028.wav,1,18,comsan,4.480875
8794,646786.wav,3,18,comsan,65.5956875
8795,645957.wav,2,18,comsan,32.8104375
8796,645254.wav,2,18,comsan,3.536375
8797,645094.wav,2,18,comsan,2.835375
8798,644681.wav,2,18,comsan,9.01225
8799,644604.wav,2,18,comsan,7.466
8800,644352.wav,2,18,comsan,14.1378125
8801,644299.wav,3,18,comsan,4.5583125
8802,643995.wav,2,18,comsan,5.0
8803,643758.wav,4,18,comsan,10.25675
8804,643036.wav,5,18,comsan,18.2214375
8805,642770.wav,5,18,comsan,26.4881875
8806,642769.wav,3,18,comsan,13.949375
8807,642158.wav,3,18,comsan,9.005375
8808,640903.wav,1,18,comsan,3.25825
8809,640740.wav,1,18,comsan,3.056875
8810,638592.wav,1,18,comsan,12.58625
8811,636696.wav,3,18,comsan,6.9195625
8812,636692.wav,5,18,comsan,4.655625
8813,636691.wav,3,18,comsan,13.711375
8814,636689.wav,1,18,comsan,10.251625
8815,636687.wav,3,18,comsan,5.538
8816,636686.wav,3,18,comsan,6.321625
8817,636683.wav,5,18,comsan,16.4978125
8818,633141.wav,5,18,comsan,9.1673125
8819,632676.wav,3,18,comsan,15.1028125
8820,628409.wav,1,18,comsan,6.008875
8821,624401.wav,3,18,comsan,15.3155625
8822,623415.wav,4,18,comsan,4.810375
8823,622898.wav,3,18,comsan,2.38475
8824,614843.wav,3,18,comsan,5.4156875
8825,613128.wav,3,18,comsan,41.0645
8826,613127.wav,4,18,comsan,41.0645
8827,606348.wav,4,18,comsan,15.6904375
8828,606345.wav,5,18,comsan,30.0160625
8829,604947.wav,1,18,comsan,3.744
8830,603037.wav,4,18,comsan,8.6229375
8831,603036.wav,2,18,comsan,27.0044375
8832,597141.wav,4,18,comsan,99.6035
8833,594463.wav,1,18,comsan,31.8458125
8834,594450.wav,1,18,comsan,9.4920625
8835,590787.wav,4,18,comsan,14.256
8836,590014.wav,1,18,comsan,3.66325
8837,588935.wav,5,18,comsan,5.5384375
8838,588589.wav,1,18,comsan,24.904875
8839,588583.wav,5,18,comsan,11.68575
8840,588565.wav,2,18,comsan,93.03425
8841,588564.wav,2,18,comsan,29.5044375
8842,588501.wav,5,18,comsan,4.599125
8843,588351.wav,5,18,comsan,4.8849375
8844,587730.wav,1,18,comsan,5.6920625
8845,587627.wav,4,18,comsan,9.7295625
8846,585634.wav,5,18,comsan,37.8184375
8847,585285.wav,2,18,comsan,29.369125
8848,585172.wav,2,18,comsan,28.002
8849,584611.wav,3,18,comsan,303.293625
8850,584610.wav,3,18,comsan,235.4490625
8851,584609.wav,1,18,comsan,599.8698125
8852,584608.wav,4,18,comsan,435.538125
8853,584590.wav,3,18,comsan,3.5253125
8854,584589.wav,1,18,comsan,3.7216875
8855,584481.wav,3,18,comsan,36.8095625
8856,584478.wav,1,18,comsan,263.0173125
8857,584477.wav,2,18,comsan,110.9565625
8858,584464.wav,5,18,comsan,2.0454375
8859,584398.wav,5,18,comsan,102.0346875
8860,584396.wav,1,18,comsan,69.0224375
8861,583167.wav,1,18,comsan,3.472
8862,582947.wav,1,18,comsan,21.9240625
8863,582935.wav,3,18,comsan,6.5714375
8864,582769.wav,3,18,comsan,4.8595
8865,582120.wav,3,18,comsan,28.21775
8866,582118.wav,4,18,comsan,5.317375
8867,582068.wav,3,18,comsan,13.9118125
8868,581660.wav,5,18,comsan,1.962125
8869,581657.wav,1,18,comsan,4.39075
8870,581622.wav,3,18,comsan,6.083625
8871,581607.wav,2,18,comsan,26.257
8872,581304.wav,3,18,comsan,48.7219375
8873,580808.wav,2,18,comsan,5.8715625
8874,580655.wav,2,18,comsan,2.961375
8875,580517.wav,2,18,comsan,12.5714375
8876,580492.wav,5,18,comsan,15.0285625
8877,580108.wav,1,18,comsan,4.4669375
8878,579712.wav,5,18,comsan,8.871
8879,579400.wav,1,18,comsan,5.0670625
8880,578772.wav,5,18,comsan,31.196
8881,578401.wav,5,18,comsan,2.5595
8882,578171.wav,3,18,comsan,21.6694375
8883,577972.wav,3,18,comsan,10.7764375
8884,576451.wav,3,18,comsan,6.497125
8885,575672.wav,3,18,comsan,6.9938125
8886,575102.wav,5,18,comsan,8.2185625
8887,574645.wav,3,18,comsan,20.962625
8888,574343.wav,5,18,comsan,2.6318125
8889,574277.wav,4,18,comsan,16.1698125
8890,573437.wav,1,18,comsan,4.44375
8891,572605.wav,2,18,comsan,5.0968125
8892,571110.wav,1,18,comsan,15.768
8893,565338.wav,1,18,comsan,3.3615
8894,562757.wav,2,18,comsan,4.057125
8895,561935.wav,2,18,comsan,4.7314375
8896,561519.wav,5,18,comsan,2.856
8897,561517.wav,1,18,comsan,3.552
8898,560323.wav,5,18,comsan,17.3975625
8899,560121.wav,5,18,comsan,10.422875
8900,560011.wav,4,18,comsan,2.5175
8901,559771.wav,3,18,comsan,7.718875
8902,559524.wav,1,18,comsan,5.3891875
8903,559389.wav,3,18,comsan,8.901875
8904,559092.wav,1,18,comsan,5.781
8905,558769.wav,4,18,comsan,47.3893125
8906,558205.wav,5,18,comsan,39.653875
8907,557246.wav,3,18,comsan,6.1616875
8908,557082.wav,4,18,comsan,14.9420625
8909,555829.wav,3,18,comsan,9.0248125
8910,554496.wav,1,18,comsan,2.6048125
8911,554107.wav,4,18,comsan,15.0708125
8912,554095.wav,4,18,comsan,11.3925
8913,553972.wav,2,18,comsan,1.9591875
8914,553967.wav,3,18,comsan,1.9591875
8915,553965.wav,4,18,comsan,2.0898125
8916,553366.wav,4,18,comsan,6.875125
8917,553172.wav,4,18,comsan,2.254125
8918,553017.wav,5,18,comsan,3.2250625
8919,552955.wav,5,18,comsan,47.6615625
8920,552414.wav,4,18,comsan,6.2479375
8921,551257.wav,5,18,comsan,10.60575
8922,551203.wav,2,18,comsan,4.2163125
8923,550264.wav,3,18,comsan,3.21475
8924,549326.wav,1,18,comsan,1.2024375
8925,549135.wav,2,18,comsan,2.91575
8926,546912.wav,1,18,comsan,4.7314375
8927,545884.wav,3,18,comsan,4.122375
8928,545743.wav,5,18,comsan,31.6625625
8929,543418.wav,3,18,comsan,15.2439375
8930,528121.wav,3,18,comsan,40.61875
8931,527850.wav,2,18,comsan,68.40225
8932,527849.wav,1,18,comsan,17.5445
8933,514732.wav,2,18,comsan,5.4800625
8934,509846.wav,5,18,comsan,6.426125
8935,505900.wav,3,18,comsan,2.6059375
8936,503480.wav,1,18,comsan,26.86775
8937,502388.wav,2,18,comsan,14.598375
8938,500460.wav,3,18,comsan,65.358375
8939,500301.wav,4,18,comsan,3.92325
8940,496602.wav,3,18,comsan,28.921625
8941,496512.wav,2,18,comsan,2.715875
8942,495421.wav,1,18,comsan,19.108125
8943,494755.wav,4,18,comsan,3.50625
8944,494681.wav,4,18,comsan,2.2059375
8945,494055.wav,2,18,comsan,14.02775
8946,493979.wav,2,18,comsan,4.2144375
8947,493889.wav,3,18,comsan,14.001625
8948,492978.wav,1,18,comsan,20.874375
8949,492893.wav,4,18,comsan,11.710125
8950,492572.wav,1,18,comsan,27.2714375
8951,491648.wav,4,18,comsan,1.76175
8952,490674.wav,5,18,comsan,16.4049375
8953,490392.wav,2,18,comsan,34.951875
8954,488999.wav,4,18,comsan,8.2546875
8955,488595.wav,5,18,comsan,2.777125
8956,483952.wav,2,18,comsan,21.222375
8957,477776.wav,1,18,comsan,17.3213125
8958,477172.wav,3,18,comsan,4.4560625
8959,474440.wav,3,18,comsan,4.929375
8960,472452.wav,3,18,comsan,2.50775
8961,471874.wav,5,18,comsan,7.3026875
8962,471067.wav,2,18,comsan,7.5929375
8963,469617.wav,2,18,comsan,19.702125
8964,469616.wav,1,18,comsan,5.7701875
8965,467130.wav,3,18,comsan,6.1126875
8966,465566.wav,1,18,comsan,9.0540625
8967,455727.wav,2,18,comsan,1.357875
8968,453962.wav,1,18,comsan,15.2885625
8969,449102.wav,1,18,comsan,56.7550625
8970,448611.wav,5,18,comsan,56.9886875
8971,447135.wav,1,18,comsan,25.872
8972,442558.wav,1,18,comsan,3.0051875
8973,435528.wav,1,18,comsan,36.5865
8974,435492.wav,4,18,comsan,4.7683125
8975,435489.wav,4,18,comsan,81.9844375
8976,435081.wav,5,18,comsan,22.623125
8977,434765.wav,5,18,comsan,6.4458125
8978,434109.wav,4,18,comsan,2.5861875
8979,433334.wav,3,18,comsan,23.9549375
8980,432850.wav,4,18,comsan,3.4220625
8981,432848.wav,4,18,comsan,3.2653125
8982,432713.wav,5,18,comsan,6.0081875
8983,432675.wav,1,18,comsan,6.1126875
8984,432214.wav,4,18,comsan,26.895
8985,432064.wav,4,18,comsan,13.8584375
8986,431822.wav,2,18,comsan,47.568
8987,431229.wav,1,18,comsan,63.791
8988,429320.wav,1,18,comsan,27.7816875
8989,429319.wav,2,18,comsan,5.8580625
8990,422063.wav,5,18,comsan,75.2326875
8991,422062.wav,1,18,comsan,83.352
8992,422059.wav,2,18,comsan,25.015625
8993,422055.wav,3,18,comsan,16.8651875
8994,417694.wav,1,18,comsan,12.445
8995,409954.wav,1,18,comsan,11.9998125
8996,397386.wav,3,18,comsan,30.4065625
8997,386318.wav,2,18,comsan,3.9533125
8998,386234.wav,3,18,comsan,4.811875
8999,386029.wav,5,18,comsan,3.195375
9000,385909.wav,2,18,comsan,6.6525
9001,385908.wav,1,18,comsan,6.6525
9002,385279.wav,4,18,comsan,7.1053125
9003,384170.wav,3,18,comsan,12.721625
9004,383757.wav,4,18,comsan,38.816
9005,382558.wav,1,18,comsan,7.158625
9006,381750.wav,5,18,comsan,2.621
9007,371998.wav,4,18,comsan,18.5208125
9008,369028.wav,1,18,comsan,13.8449375
9009,368316.wav,2,18,comsan,10.1935625
9010,365191.wav,4,18,comsan,1.886625
9011,361764.wav,4,18,comsan,20.898
9012,353446.wav,2,18,comsan,22.77875
9013,352466.wav,4,18,comsan,8.4636875
9014,346569.wav,4,18,comsan,6.1649375
9015,342916.wav,1,18,comsan,1.6493125
9016,341296.wav,5,18,comsan,65.82075
9017,341202.wav,1,18,comsan,12.3559375
9018,338756.wav,5,18,comsan,21.969
9019,338210.wav,1,18,comsan,10.9191875
9020,338209.wav,3,18,comsan,23.431875
9021,338208.wav,5,18,comsan,33.7240625
9022,338206.wav,3,18,comsan,61.0481875
9023,330976.wav,2,18,comsan,9.0
9024,330481.wav,4,18,comsan,269.8188125
9025,325200.wav,4,18,comsan,11.5605
9026,324040.wav,1,18,comsan,26.3053125
9027,318810.wav,5,18,comsan,57.12425
9028,292687.wav,5,18,comsan,1.5905625
9029,283836.wav,5,18,comsan,36.911
9030,281167.wav,5,18,comsan,33.9330625
9031,269526.wav,2,18,comsan,5.8243125
9032,266360.wav,5,18,comsan,9.7959375
9033,266358.wav,2,18,comsan,95.921625
9034,266357.wav,4,18,comsan,9.4563125
9035,240418.wav,3,18,comsan,1.6969375
9036,237059.wav,4,18,comsan,18.1645
9037,234458.wav,2,18,comsan,45.7290625
9038,216883.wav,3,18,comsan,16.255875
9039,210583.wav,4,18,comsan,13.4390625
9040,204537.wav,4,18,comsan,8.5216875
9041,199531.wav,1,18,comsan,203.593
9042,199227.wav,5,18,comsan,11.4165625
9043,199121.wav,2,18,comsan,33.3628125
9044,194057.wav,3,18,comsan,46.5501875
9045,191232.wav,2,18,comsan,4.2068125
9046,185086.wav,2,18,comsan,19.382875
9047,185084.wav,5,18,comsan,18.5991875
9048,185083.wav,2,18-8,comsan,11.859625
9049,185023.wav,4,18,comsan,8.933875
9050,184297.wav,1,18,comsan,38.1388125
9051,184130.wav,4,18,comsan,10.50125
9052,183079.wav,5,18,comsan,26.0963125
9053,182757.wav,3,18,comsan,21.936
9054,162544.wav,1,18,comsan,13.92325
9055,151332.wav,2,18,comsan,23.9099375
9056,150691.wav,4,18,comsan,1.136875
9057,146703.wav,4,18,comsan,11.08175
9058,146504.wav,5,18,comsan,40.3330625
9059,146265.wav,1,18,comsan,10.681
9060,145181.wav,1,18,comsan,49.728
9061,142081.wav,1,18,comsan,30.4743125
9062,140115.wav,1,18,comsan,100.8849375
9063,139002.wav,5,18,comsan,68.4669375
9064,121753.wav,5,18,comsan,65.8024375
9065,121751.wav,3,18,comsan,214.3346875
9066,121749.wav,3,18,comsan,146.3901875
9067,121746.wav,1,18,comsan,40.7249375
9068,121744.wav,5,18,comsan,250.5143125
9069,121736.wav,3,18,comsan,251.3763125
9070,121733.wav,2,18,comsan,250.697125
9071,121732.wav,3,18,comsan,101.329
9072,117022.wav,2,18,comsan,21.969
9073,114232.wav,1,18,comsan,62.088
9074,114231.wav,1,18,comsan,47.616
9075,100641.wav,4,18,comsan,53.8871875
9076,90048.wav,5,18,comsan,9.4824375
9077,76756.wav,1,18,comsan,47.569
9078,56589.wav,1,18,comsan,5.9820625
9079,37488.wav,4,18,comsan,24.9991875
9080,29679.wav,5,18,comsan,35.78775
9081,29462.wav,2,18,comsan,27.7943125
9082,25085.wav,5,18,comsan,65.619625
9083,703208.wav,5,18,comsan,2.3916875
9084,702785.wav,3,18,comsan,55.358
9085,702205.wav,2,18,comsan,2.531
9086,700421.wav,4,18,comsan,7.372375
9087,700301.wav,5,18,comsan,2.61225
9088,699302.wav,2,18,comsan,5.413875
9089,686343.wav,1,18,comsan,9.7973125
9090,686338.wav,4,18,comsan,299.8160625
9091,686336.wav,1,18,comsan,19.066625
9092,686335.wav,5,18,comsan,68.0615
9093,683470.wav,5,18,comsan,13.704125
9094,683469.wav,5,18,comsan,3.00625
9095,683457.wav,3,18,comsan,3.0060625
9096,683456.wav,4,18,comsan,18.6450625
9097,682467.wav,3,18,comsan,2.543125
9098,682464.wav,1,18,comsan,2.8804375
9099,680257.wav,5,18,comsan,24.0701875
9100,680012.wav,3,18,comsan,10.8408125
9101,680011.wav,2,18,comsan,170.0049375
9102,680010.wav,2,18,comsan,195.7355
9103,680009.wav,3,18,comsan,9.5608125
9104,675877.wav,1,18,comsan,2.8041875
9105,675449.wav,4,18,comsan,15.4955
9106,674353.wav,3,18,comsan,36.258
9107,674243.wav,1,18,comsan,35.5131875
9108,674242.wav,3,18,comsan,37.93275
9109,674241.wav,2,18,comsan,8.365375
9110,674106.wav,5,18,comsan,11.1020625
9111,673927.wav,2,18,comsan,20.94325
9112,673926.wav,2,18,comsan,2.8050625
9113,673615.wav,4,18,comsan,4.3885625
9114,673477.wav,2,18,comsan,12.773875
9115,672321.wav,4,18,comsan,13.2918125
9116,672320.wav,5,18,comsan,29.361625
9117,672038.wav,2,18,comsan,4.0093125
9118,671980.wav,4,18,comsan,40.0274375
9119,671652.wav,1,18,comsan,9.984
9120,671540.wav,1,18,comsan,14.616
9121,670623.wav,1,18,comsan,80.2263125
9122,669967.wav,1,18,comsan,9.299625
9123,669620.wav,1,18,comsan,2.5154375
9124,669169.wav,2,18,comsan,2.8459375
9125,668468.wav,1,18,comsan,21.1346875
9126,668435.wav,4,18,comsan,9.7700625
9127,668390.wav,2,18,comsan,3.322375
9128,668161.wav,3,18,comsan,23.3335625
9129,667865.wav,3,18,comsan,34.7478125
9130,667862.wav,4,18,comsan,78.6174375
9131,667851.wav,1,18,comsan,8.3303125
9132,667850.wav,1,18,comsan,11.538625
9133,667807.wav,1,18,comsan,35.547125
9134,667709.wav,2,18,comsan,37.9013125
9135,667702.wav,3,18,comsan,22.388
9136,667677.wav,4,18,comsan,17.851
9137,667674.wav,1,18,comsan,18.24375
9138,667532.wav,1,18,comsan,2.908875
9139,667442.wav,4,18,comsan,4.48
9140,667433.wav,4,18,comsan,11.1795625
9141,667345.wav,5,18,comsan,34.9460625
9142,667342.wav,1,18,comsan,57.4419375
9143,667279.wav,5,18,comsan,36.36575
9144,667086.wav,1,18,comsan,4.368
9145,666720.wav,2,18,comsan,2.9084375
9146,666524.wav,1,18,comsan,32.637625
9147,666271.wav,1,18,comsan,4.303
9148,665392.wav,4,18,comsan,5.2319375
9149,664566.wav,2,18,comsan,3.117875
9150,664399.wav,4,18,comsan,20.62475
9151,663899.wav,2,18,comsan,368.966375
9152,663655.wav,2,18,comsan,2.52625
9153,663388.wav,5,18,comsan,39.944875
9154,662414.wav,5,18,comsan,4.2079375
9155,662167.wav,5,18,comsan,56.8006875
9156,662120.wav,4,18,comsan,23.0063125
9157,661689.wav,2,18,comsan,4.3420625
9158,660610.wav,4,18,comsan,20.39875
9159,658194.wav,4,18,comsan,42.77225
9160,652745.wav,2,18,comsan,3.076625
9161,649710.wav,1,18,comsan,3.9358125
9162,649282.wav,3,18,comsan,20.0330625
9163,646162.wav,1,18,comsan,2.317625
9164,645610.wav,2,18,comsan,5.4373125
9165,644274.wav,1,18,comsan,25.7338125
9166,643533.wav,4,18,comsan,3.506
9167,643203.wav,5,18,comsan,4.52475
9168,640805.wav,2,18,comsan,2.9975625
9169,640489.wav,1,18,comsan,4.915
9170,640034.wav,3,18,comsan,1.584375
9171,639143.wav,4,18,comsan,2.41125
9172,631788.wav,3,18,comsan,16.128
9173,628649.wav,5,18,comsan,2.87675
9174,625224.wav,1,18,comsan,3.44475
9175,625221.wav,1,18,comsan,2.7836875
9176,624202.wav,5,18,comsan,4.2670625
9177,621620.wav,4,18,comsan,38.186
9178,621619.wav,4,18,comsan,48.922
9179,621618.wav,4,18,comsan,106.36
9180,621616.wav,1,18,comsan,2.521
9181,621615.wav,5,18,comsan,43.268
9182,618556.wav,4,18,comsan,6.0538125
9183,617562.wav,5,18,comsan,6.161625
9184,615878.wav,1,18,comsan,1.7066875
9185,615756.wav,4,18,comsan,4.4321875
9186,607031.wav,1,18,comsan,6.4718125
9187,605377.wav,1,18,comsan,11.664
9188,599887.wav,1,18,comsan,3.3959375
9189,597503.wav,5,18,comsan,21.4604375
9190,597502.wav,1,18,comsan,9.317125
9191,597500.wav,5,18,comsan,3.431
9192,595919.wav,5,18,comsan,43.4779375
9193,595918.wav,1,18,comsan,39.673625
9194,593497.wav,4,18,comsan,2.157625
9195,593122.wav,3,18,comsan,4.2959375
9196,590151.wav,3,18,comsan,4.7451875
9197,590100.wav,1,18,comsan,11.5241875
9198,589962.wav,3,18,comsan,6.946625
9199,588968.wav,4,18,comsan,20.8648125
9200,588799.wav,3,18,comsan,6.8896875
9201,587875.wav,1,18,comsan,3.4950625
9202,587862.wav,5,18,comsan,5.629
9203,587852.wav,5,18,comsan,14.96375
9204,587850.wav,3,18,comsan,32.2595625
9205,587842.wav,1,18,comsan,7.86475
9206,587840.wav,1,18,comsan,15.5329375
9207,587831.wav,5,18,comsan,3.538375
9208,587825.wav,2,18,comsan,3.9235
9209,587824.wav,3,18,comsan,4.418125
9210,587823.wav,5,18,comsan,4.5355625
9211,587720.wav,1,18,comsan,4.3606875
9212,587026.wav,5,18,comsan,32.7624375
9213,586735.wav,5,18,comsan,3.8468125
9214,586343.wav,2,18,comsan,23.013125
9215,586342.wav,4,18,comsan,10.993375
9216,586341.wav,4,18,comsan,6.0250625
9217,586340.wav,1,18,comsan,7.0060625
9218,586339.wav,2,18,comsan,7.02475
9219,586332.wav,2,18,comsan,6.988875
9220,586331.wav,3,18,comsan,20.986
9221,586330.wav,5,18,comsan,7.000625
9222,586329.wav,2,18,comsan,6.98675
9223,584750.wav,3,18,comsan,57.53325
9224,584742.wav,5,18,comsan,5.146125
9225,584605.wav,1,18,comsan,1.8795
9226,584479.wav,4,18,comsan,133.926875
9227,584029.wav,2,18,comsan,1.9069375
9228,583953.wav,5,18,comsan,32.472
9229,583499.wav,4,18,comsan,2.8570625
9230,583398.wav,4,18,comsan,7.6741875
9231,582081.wav,2,18,comsan,45.0975625
9232,582072.wav,2,18,comsan,41.0695
9233,582037.wav,3,18,comsan,6.54675
9234,581587.wav,2,18,comsan,4.96275
9235,581543.wav,3,18,comsan,4.4839375
9236,581405.wav,4,18,comsan,2.5195625
9237,580755.wav,4,18,comsan,47.5289375
9238,579372.wav,1,18,comsan,7.067375
9239,578771.wav,1,18,comsan,13.3746875
9240,578546.wav,4,18,comsan,7.0165
9241,578511.wav,1,18,comsan,5.3094375
9242,578454.wav,4,18,comsan,1.9499375
9243,578205.wav,5,18,comsan,18.609
9244,578172.wav,1,18,comsan,4.841375
9245,577246.wav,4,18,comsan,3.748
9246,577149.wav,2,18,comsan,5.4566875
9247,573391.wav,4,18,comsan,69.093875
9248,571437.wav,5,18,comsan,5.12
9249,571418.wav,2,18,comsan,87.91075
9250,571111.wav,1,18,comsan,9.36
9251,570261.wav,5,18,comsan,11.55325
9252,569862.wav,5,18,comsan,42.7946875
9253,569701.wav,2,18,comsan,20.0504375
9254,569699.wav,4,18,comsan,6.269375
9255,565765.wav,4,18,comsan,17.2190625
9256,562844.wav,1,18,comsan,1.7240625
9257,559838.wav,5,18,comsan,25.6465625
9258,559684.wav,3,18,comsan,5.596
9259,559608.wav,1,18,comsan,1.6045
9260,559357.wav,2,18,comsan,7.058875
9261,559150.wav,4,18,comsan,1.9011875
9262,558727.wav,5,18,comsan,6.1626875
9263,558319.wav,1,18,comsan,2.8043125
9264,557950.wav,2,18,comsan,9.825875
9265,557846.wav,1,18,comsan,2.685875
9266,557581.wav,4,18,comsan,4.1858125
9267,557580.wav,5,18,comsan,4.9965
9268,557579.wav,5,18,comsan,5.3616875
9269,557578.wav,4,18,comsan,4.957625
9270,557085.wav,3,18,comsan,45.6098125
9271,555206.wav,4,18,comsan,6.3429375
9272,555123.wav,5,18,comsan,2.080625
9273,554847.wav,5,18,comsan,10.39675
9274,554764.wav,1,18,comsan,10.3814375
9275,554383.wav,3,18,comsan,7.0201875
9276,554118.wav,1,18,comsan,4.0909375
9277,554039.wav,1,18,comsan,6.08
9278,554014.wav,2,18,comsan,14.190375
9279,553980.wav,5,18,comsan,3.1346875
9280,553814.wav,1,18,comsan,1.1378125
9281,553503.wav,4,18,comsan,3.3345625
9282,553457.wav,4,18,comsan,15.347125
9283,553446.wav,3,18,comsan,3.2914375
9284,553365.wav,2,18,comsan,6.173125
9285,552853.wav,4,18,comsan,14.289
9286,552598.wav,2,18,comsan,5.355375
9287,552513.wav,3,18,comsan,10.370625
9288,552243.wav,3,18,comsan,6.532375
9289,552236.wav,1,18,comsan,10.50125
9290,552235.wav,5,18,comsan,10.579625
9291,552166.wav,1,18,comsan,7.8595
9292,551417.wav,4,18,comsan,1.9273125
9293,551242.wav,5,18,comsan,20.74125
9294,550694.wav,5,18,comsan,9.211
9295,550514.wav,5,18,comsan,8.8
9296,550238.wav,2,18,comsan,3.5845625
9297,550066.wav,1,18,comsan,2.5195625
9298,549691.wav,5,18,comsan,3.169125
9299,549685.wav,4,18,comsan,3.1459375
9300,549293.wav,1,18,comsan,2.19825
9301,549254.wav,5,18,comsan,4.0
9302,548344.wav,3,18,comsan,2.1075
9303,548151.wav,4,18,comsan,9.0879375
9304,546199.wav,2,18,comsan,17.3345625
9305,545753.wav,3,18,comsan,28.128
9306,526859.wav,2,18,comsan,1.25125
9307,526564.wav,3,18,comsan,4.292125
9308,526483.wav,2,18,comsan,21.0024375
9309,524730.wav,4,18,comsan,24.427
9310,524729.wav,3,18,comsan,2.7320625
9311,521929.wav,2,18,comsan,3.927
9312,506573.wav,3,18,comsan,1.491875
9313,506485.wav,2,18,comsan,3.7258125
9314,503574.wav,3,18,comsan,2.9251875
9315,502729.wav,5,18,comsan,16.2489375
9316,501618.wav,4,18,comsan,24.302
9317,501617.wav,4,18,comsan,105.247
9318,501616.wav,3,18,comsan,17.7479375
9319,501615.wav,5,18,comsan,11.305
9320,501614.wav,3,18,comsan,23.9970625
9321,501613.wav,3,18,comsan,2.5580625
9322,501612.wav,5,18,comsan,2.5130625
9323,501611.wav,5,18,comsan,21.101
9324,501610.wav,2,18,comsan,25.5070625
9325,501609.wav,2,18,comsan,2.7
9326,501608.wav,5,18,comsan,89.5910625
9327,501607.wav,3,18,comsan,17.5160625
9328,501605.wav,4,18,comsan,22.003
9329,500677.wav,2,18,comsan,5.27675
9330,500457.wav,1,18,comsan,6.1126875
9331,499613.wav,4,18,comsan,21.6
9332,496533.wav,5,18,comsan,5.108375
9333,496287.wav,4,18,comsan,4.062625
9334,496097.wav,5,18,comsan,14.648125
9335,495735.wav,4,18,comsan,4.0108125
9336,495452.wav,5,18,comsan,3.8095625
9337,495095.wav,5,18,comsan,2.67075
9338,494789.wav,5,18,comsan,5.7025625
9339,494572.wav,1,18,comsan,5.9559375
9340,494172.wav,2,18,comsan,3.7500625
9341,493565.wav,4,18,comsan,34.0636875
9342,492049.wav,2,18,comsan,12.9209375
9343,490836.wav,3,18,comsan,3.2098125
9344,489387.wav,5,18,comsan,4.84025
9345,489343.wav,5,18,comsan,5.630875
9346,489034.wav,3,18,comsan,6.3506875
9347,482472.wav,1,18,comsan,3.3063125
9348,481941.wav,2,18,comsan,4.8490625
9349,476381.wav,2,18,comsan,7.967375
9350,469979.wav,3,18,comsan,2.9946875
9351,469853.wav,4,18,comsan,6.2345625
9352,467218.wav,2,18,comsan,3.8830625
9353,467216.wav,5,18,comsan,28.632125
9354,465498.wav,1,18,comsan,10.0365
9355,455726.wav,1,18,comsan,15.5260625
9356,449035.wav,1,18,comsan,93.409
9357,449031.wav,2,18,comsan,89.881
9358,449030.wav,3,18,comsan,86.521
9359,449029.wav,5,18,comsan,117.169
9360,444847.wav,3,18,comsan,48.5355
9361,444843.wav,4,18,comsan,2.2204375
9362,435027.wav,3,18,comsan,10.81575
9363,434764.wav,3,18,comsan,16.046
9364,434154.wav,1,18,comsan,2.119625
9365,434150.wav,1,18,comsan,4.0995625
9366,432972.wav,4,18,comsan,3.3110625
9367,432940.wav,1,18,comsan,12.38225
9368,432905.wav,5,18,comsan,2.5
9369,432870.wav,1,18,comsan,2.424
9370,432711.wav,4,18,comsan,22.11025
9371,430908.wav,1,18,comsan,15.281625
9372,430765.wav,4,18,comsan,7.4449375
9373,424759.wav,5,18,comsan,9.0645
9374,424348.wav,2,18,comsan,12.16675
9375,411021.wav,2,18,comsan,10.9975625
9376,409955.wav,3,18,comsan,25.42675
9377,395281.wav,1,18,comsan,13.6689375
9378,393014.wav,5,18,comsan,6.7906875
9379,384087.wav,5,18,comsan,11.2594375
9380,381328.wav,5,18,comsan,62.326
9381,378715.wav,3,18,comsan,10.0275
9382,367402.wav,4,18,comsan,3.0379375
9383,367395.wav,3,18,comsan,23.5535
9384,338207.wav,1,18,comsan,38.635125
9385,299925.wav,3,18,comsan,3.4481875
9386,288592.wav,1,18,comsan,2.638375
9387,285485.wav,4,18,comsan,4.3363125
9388,285137.wav,3,18,comsan,17.998375
9389,285136.wav,3,18,comsan,21.1069375
9390,285135.wav,1,18,comsan,27.4808125
9391,285134.wav,3,18,comsan,4.937125
9392,283647.wav,4,18,comsan,34.105
9393,283645.wav,4,18,comsan,85.945
9394,283634.wav,4,18,comsan,59.617
9395,278603.wav,2,18,comsan,6.204875
9396,268668.wav,2,18,comsan,30.798375
9397,266356.wav,1,18,comsan,9.6914375
9398,265260.wav,4,18,comsan,3.096
9399,263319.wav,3,18,comsan,3.1608125
9400,247405.wav,2,18,comsan,21.889
9401,247402.wav,5,18,comsan,23.233
9402,247401.wav,3,18,comsan,38.257
9403,247400.wav,5,18,comsan,37.801
9404,247399.wav,2,18,comsan,26.113
9405,247398.wav,5,18,comsan,70.297
9406,247397.wav,4,18,comsan,22.201
9407,215035.wav,2,18,comsan,10.8408125
9408,206637.wav,2,18,comsan,148.201
9409,206636.wav,5,18,comsan,250.945
9410,203598.wav,4,18,comsan,1.0038125
9411,203597.wav,5,18,comsan,1.4405
9412,199825.wav,5,18,comsan,8.376
9413,193904.wav,1,18,comsan,9.00825
9414,189107.wav,5,18,comsan,2.1943125
9415,185459.wav,5,18,comsan,10.9975625
9416,185022.wav,2,18,comsan,7.0791875
9417,162556.wav,3,18,comsan,39.967375
9418,150421.wav,2,18,comsan,15.624
9419,144768.wav,2,18,comsan,24.3345
9420,142393.wav,2,18,comsan,20.74125
9421,139157.wav,5,18,comsan,97.8024375
9422,136220.wav,2,18,comsan,191.7649375
9423,134627.wav,2,18,comsan,41.5346875
9424,113844.wav,4,18,comsan,6.1649375
9425,105895.wav,1,18,comsan,19.8269375
9426,100435.wav,4,18,comsan,10.057125
9427,92616.wav,5,18,comsan,9.9788125
9428,686344.wav,3,18,comsan,6.688625
9429,686333.wav,5,18,comsan,13.4158125
9430,686332.wav,5,18,comsan,11.978375
9431,686330.wav,1,18,comsan,20.136375
9432,686329.wav,3,18,comsan,98.202375
9433,686326.wav,4,18,comsan,16.3865
9434,686324.wav,1,18,comsan,34.110125
9435,685628.wav,5,18,comsan,5.054
9436,679717.wav,2,18,comsan,8.986125
9437,676514.wav,3,18,comsan,28.83175
9438,676382.wav,4,18,comsan,21.3350625
9439,676026.wav,5,18,comsan,123.6636875
9440,676003.wav,2,18,comsan,36.3624375
9441,674913.wav,5,18,comsan,42.2975625
9442,674649.wav,4,18,comsan,8.9334375
9443,673258.wav,2,18,comsan,23.42075
9444,672337.wav,1,18,comsan,42.8531875
9445,672142.wav,5,18,comsan,17.153375
9446,671130.wav,2,18,comsan,3.092
9447,671118.wav,3,18,comsan,2.7683125
9448,670257.wav,2,18,comsan,2.48525
9449,670002.wav,3,18,comsan,2.004375
9450,669709.wav,5,18,comsan,2.012875
9451,669623.wav,3,18,comsan,2.506625
9452,669608.wav,1,18,comsan,12.4604375
9453,668056.wav,4,18,comsan,5.4075625
9454,667594.wav,4,18,comsan,8.0118125
9455,667531.wav,2,18,comsan,3.225375
9456,666980.wav,2,18,comsan,2.9770625
9457,666278.wav,5,18,comsan,3.0534375
9458,666071.wav,1,18,comsan,13.0365
9459,665540.wav,2,18,comsan,4.613375
9460,650904.wav,2,18,comsan,4.8350625
9461,650235.wav,2,18,comsan,6.21625
9462,647838.wav,4,18,comsan,4.7635
9463,646092.wav,4,18,comsan,4.8843125
9464,645595.wav,4,18,comsan,16.9765625
9465,645352.wav,5,18,comsan,7.9314375
9466,644621.wav,1,18,comsan,6.64
9467,642171.wav,4,18,comsan,3.9865
9468,635181.wav,4,18,comsan,5.874375
9469,614296.wav,5,18,comsan,16.012375
9470,597653.wav,3,18,comsan,2.5250625
9471,588255.wav,1,18,comsan,19.824
9472,587013.wav,2,18,comsan,3.832
9473,586746.wav,5,18,comsan,10.5998125
9474,583746.wav,2,18,comsan,11.230375
9475,583018.wav,2,18,comsan,10.92
9476,582064.wav,1,18,comsan,21.01475
9477,581851.wav,1,18,comsan,36.1886875
9478,581424.wav,1,18,comsan,5.8824375
9479,581189.wav,4,18,comsan,23.7208125
9480,581179.wav,1,18,comsan,4.48
9481,581041.wav,1,18,comsan,18.1256875
9482,580644.wav,1,18,comsan,1.7858125
9483,578604.wav,4,18,comsan,4.736875
9484,575518.wav,5,18,comsan,1.1866875
9485,574127.wav,4,18,comsan,17.328375
9486,571109.wav,1,18,comsan,5.9579375
9487,564745.wav,5,18,comsan,2.4611875
9488,562231.wav,5,18,comsan,6.947
9489,559361.wav,5,18,comsan,2.5448125
9490,558313.wav,5,18,comsan,3.9450625
9491,557397.wav,3,18,comsan,5.131625
9492,557272.wav,2,18,comsan,2.9341875
9493,557073.wav,1,18,comsan,21.0285625
9494,557070.wav,2,18,comsan,21.0285625
9495,556814.wav,1,18,comsan,6.495875
9496,556805.wav,2,18,comsan,6.5454375
9497,556802.wav,1,18,comsan,6.2231875
9498,556798.wav,3,18,comsan,6.69425
9499,556785.wav,3,18,comsan,6.99175
9500,556781.wav,2,18,comsan,9.5950625
9501,555809.wav,5,18,comsan,4.366
9502,555291.wav,5,18,comsan,20.434875
9503,555271.wav,3,18,comsan,2.1958125
9504,555269.wav,3,18,comsan,4.13275
9505,555245.wav,5,18,comsan,8.4858125
9506,555208.wav,3,18,comsan,8.6285625
9507,554707.wav,5,18,comsan,8.2431875
9508,554582.wav,1,18,comsan,18.2056875
9509,554212.wav,3,18,comsan,4.6859375
9510,553982.wav,2,18,comsan,3.3959375
9511,553981.wav,1,18,comsan,3.970625
9512,553777.wav,1,18,comsan,15.3715
9513,553466.wav,3,18,comsan,65.15525
9514,552846.wav,1,18,comsan,6.7081875
9515,552202.wav,1,18,comsan,44.0424375
9516,552167.wav,2,18,comsan,5.55375
9517,552034.wav,2,18,comsan,3.501625
9518,551282.wav,3,18,comsan,5.01125
9519,551271.wav,3,18,comsan,4.8849375
9520,550730.wav,1,18,comsan,23.0271875
9521,550675.wav,5,18,comsan,7.5126875
9522,550079.wav,5,18,comsan,2.722125
9523,550067.wav,2,18,comsan,3.02375
9524,549458.wav,2,18,comsan,3.772
9525,549347.wav,4,18,comsan,4.3885625
9526,548726.wav,1,18,comsan,1.456375
9527,548721.wav,4,18,comsan,4.7644375
9528,548092.wav,1,18,comsan,3.0824375
9529,548087.wav,5,18,comsan,5.042875
9530,548001.wav,4,18,comsan,9.6105
9531,547375.wav,5,18,comsan,2.7976875
9532,547037.wav,4,18,comsan,2.8016875
9533,545726.wav,3,18,comsan,4.0023125
9534,545270.wav,2,18,comsan,33.425125
9535,544357.wav,2,18,comsan,2.9361875
9536,544152.wav,3,18,comsan,24.3189375
9537,542490.wav,2,18,comsan,8.775
9538,537584.wav,5,18,comsan,3.0974375
9539,528638.wav,5,18,comsan,47.5766875
9540,528637.wav,2,18,comsan,37.4575
9541,528482.wav,5,18,comsan,18.1665625
9542,526566.wav,1,18,comsan,3.253875
9543,526565.wav,3,18,comsan,2.4143125
9544,524728.wav,4,18,comsan,28.506
9545,521154.wav,3,18,comsan,30.511
9546,501606.wav,4,18,comsan,12.885
9547,501508.wav,3,18,comsan,51.3461875
9548,494232.wav,1,18,comsan,5.612625
9549,491967.wav,4,18,comsan,3.076625
9550,490274.wav,5,18,comsan,6.594625
9551,489016.wav,1,18,comsan,8.6726875
9552,488885.wav,4,18,comsan,2.4734375
9553,488849.wav,4,18,comsan,3.19325
9554,482895.wav,5,18,comsan,1.953375
9555,475129.wav,5,18,comsan,4.795875
9556,471478.wav,4,18,comsan,2.4960625
9557,469618.wav,3,18,comsan,37.221625
9558,469615.wav,2,18,comsan,6.083625
9559,468528.wav,5,18,comsan,3.34
9560,457611.wav,4,18,comsan,66.205375
9561,457610.wav,3,18,comsan,108.329
9562,455725.wav,2,18,comsan,1.1789375
9563,455724.wav,3,18,comsan,1.1789375
9564,455723.wav,2,18,comsan,1.252625
9565,455722.wav,5,18,comsan,26.136375
9566,455721.wav,2,18,comsan,3.1368125
9567,455719.wav,3,18,comsan,2.90525
9568,455718.wav,5,18,comsan,3.4426875
9569,455717.wav,2,18,comsan,39.58775
9570,455716.wav,2,18,comsan,9.8246875
9571,434766.wav,1,18,comsan,15.67375
9572,431425.wav,5,18,comsan,21.042
9573,429318.wav,1,18,comsan,23.941625
9574,424757.wav,2,18,comsan,24.293875
9575,424349.wav,1,18,comsan,16.6729375
9576,397819.wav,3,18,comsan,13.3224375
9577,393909.wav,2,18,comsan,8.5320625
9578,347433.wav,2,18,comsan,9.6130625
9579,309531.wav,1,18,comsan,20.9501875
9580,296432.wav,2,18,comsan,20.3526875
9581,278050.wav,4,18,comsan,10.057125
9582,270237.wav,2,18,comsan,13.2440625
9583,206351.wav,3,18,comsan,25.993
9584,193585.wav,3,18,comsan,4.9088125
9585,190288.wav,2,18,comsan,7.8639375
9586,133278.wav,3,18,comsan,31.138
9587,132076.wav,2,18,comsan,118.0735
9588,113693.wav,3,18,comsan,8.777125
9589,685634.wav,2,18,comsan,3.1511875
9590,666712.wav,4,18,comsan,32.9199375
9591,666566.wav,1,18,comsan,2.012
9592,663967.wav,3,18,comsan,12.02425
9593,655100.wav,1,18,comsan,12.1905
9594,586754.wav,3,18,comsan,0.57575
9595,584346.wav,4,18,comsan,1.3543125
9596,583001.wav,1,18,comsan,17.2355
9597,581172.wav,5,18,comsan,112.78
9598,579166.wav,5,18,comsan,18.5991875
9599,557910.wav,2,18,comsan,7.5124375
9600,556826.wav,5,18,comsan,4.28925
9601,556821.wav,4,18,comsan,5.1818125
9602,556810.wav,3,18,comsan,4.4380625
9603,556807.wav,4,18,comsan,4.438
9604,556803.wav,1,18,comsan,3.049625
9605,556795.wav,5,18,comsan,7.0909375
9606,556791.wav,2,18,comsan,6.619875
9607,556788.wav,2,18,comsan,7.83475
9608,554195.wav,2,18,comsan,3.7968125
9609,554068.wav,3,18,comsan,25.573875
9610,553847.wav,4,18,comsan,2.980125
9611,553458.wav,5,18,comsan,7.338875
9612,552592.wav,4,18,comsan,6.9195625
9613,549516.wav,3,18,comsan,4.4165
9614,549214.wav,5,18,comsan,35.6299375
9615,548997.wav,1,18,comsan,5.892
9616,548720.wav,1,18,comsan,7.28575
9617,548689.wav,2,18,comsan,5.8678125
9618,546865.wav,5,18,comsan,3.741875
9619,546671.wav,2,18,comsan,4.8733125
9620,542360.wav,5,18,comsan,2.8185625
9621,540773.wav,5,18,comsan,2.71675
9622,526860.wav,1,18,comsan,43.4541875
9623,526794.wav,3,18,comsan,47.771875
9624,526758.wav,4,18,comsan,27.088125
9625,526567.wav,2,18,comsan,1.4498125
9626,496532.wav,2,18,comsan,8.8785
9627,496514.wav,1,18,comsan,41.4075625
9628,479195.wav,1,18,comsan,2.690625
9629,476739.wav,3,18,comsan,4.11075
9630,473146.wav,4,18,comsan,14.6365
9631,458097.wav,3,18,comsan,16.2379375
9632,573904.wav,2,19,sposan,37.3013125
9633,573903.wav,2,19,sposan,52.6453125
9634,562777.wav,5,19,sposan,7.782125
9635,559004.wav,5,19,sposan,10.646
9636,399609.wav,4,19,sposan,8.071875
9637,692184.wav,5,19,sposan,82.4558125
9638,690395.wav,1,19,sposan,28.770875
9639,621974.wav,5,19,sposan,5.120125
9640,621973.wav,2,19,sposan,3.94525
9641,613665.wav,4,19,sposan,13.8178125
9642,610099.wav,1,19,sposan,4.8485625
9643,606783.wav,5,19,sposan,19.382875
9644,606782.wav,3,19,sposan,27.541125
9645,606781.wav,1,19,sposan,17.2463125
9646,602566.wav,4,19,sposan,63.936
9647,531986.wav,4,19,sposan,9.6831875
9648,531820.wav,3,19,sposan,21.8668125
9649,480225.wav,3,19,sposan,19.2651875
9650,475681.wav,4,19,sposan,63.2205625
9651,452792.wav,3,19,sposan,9.84
9652,448472.wav,3,19,sposan,4.66725
9653,415533.wav,1,19,sposan,16.849
9654,391160.wav,4,19,sposan,5.5640625
9655,389976.wav,3,19,sposan,2.3249375
9656,334369.wav,5,19,sposan,13.872
9657,257519.wav,5,19,sposan,22.178
9658,257518.wav,5,19,sposan,8.3069375
9659,257517.wav,5,19,sposan,11.337125
9660,257516.wav,5,19,sposan,21.76
9661,255373.wav,4,19,sposan,11.1584375
9662,193409.wav,1,19,sposan,90.2008125
9663,183594.wav,2,19,sposan,69.624
9664,66260.wav,3,19,sposan,12.3299375
9665,679285.wav,5,19,sposan,8.4753125
9666,663104.wav,5,19,sposan,7.68
9667,646826.wav,1,19,sposan,1.4653125
9668,644889.wav,3,19,sposan,41.413625
9669,638530.wav,2,19,sposan,7.0103125
9670,637899.wav,3,19,sposan,162.5396875
9671,621333.wav,1,19,sposan,5.78225
9672,610886.wav,4,19,sposan,6.336
9673,602567.wav,4,19,sposan,73.536
9674,599857.wav,2,19,sposan,77.904
9675,598768.wav,1,19,sposan,63.502875
9676,597934.wav,1,19,sposan,15.41525
9677,587165.wav,4,19,sposan,1.63425
9678,538983.wav,1,19,sposan,13.580125
9679,453002.wav,3,19,sposan,7.56
9680,453000.wav,3,19,sposan,8.832
9681,451683.wav,4,19,sposan,36.792
9682,449458.wav,2,19,sposan,14.865375
9683,448942.wav,1,19,sposan,7.296
9684,448922.wav,3,19,sposan,13.009
9685,444487.wav,2,19,sposan,24.024
9686,437339.wav,2,19,sposan,12.12125
9687,437171.wav,3,19,sposan,14.7915625
9688,422425.wav,4,19,sposan,28.104
9689,371207.wav,4,19,sposan,33.071
9690,333584.wav,5,19,sposan,49.68
9691,325950.wav,4,19,sposan,48.561625
9692,325949.wav,1,19,sposan,33.9853125
9693,322583.wav,1,19,sposan,7.73225
9694,322582.wav,5,19,sposan,37.0155
9695,319718.wav,5,19,sposan,7.3665625
9696,308827.wav,2,19,sposan,38.269375
9697,278362.wav,5,19,sposan,19.04325
9698,264262.wav,3,19,sposan,1.75125
9699,257520.wav,2,19,sposan,20.84575
9700,245659.wav,2,19,sposan,3.0639375
9701,232641.wav,3,19,sposan,49.224
9702,232640.wav,3,19,sposan,40.344
9703,232638.wav,2,19,sposan,324.384
9704,232637.wav,2,19,sposan,61.728
9705,232636.wav,1,19,sposan,7.704
9706,218192.wav,5,19,sposan,7.166
9707,188443.wav,1,19,sposan,55.327375
9708,188442.wav,4,19,sposan,9.5608125
9709,183595.wav,1,19,sposan,8.904
9710,183591.wav,4,19,sposan,98.232
9711,157671.wav,3,19,sposan,121.2081875
9712,157635.wav,2,19,sposan,33.8546875
9713,139726.wav,2,19,sposan,35.4481875
9714,139725.wav,1,19,sposan,3.68325
9715,139722.wav,5,19,sposan,99.0040625
9716,113387.wav,4,19,sposan,16.0914375
9717,109329.wav,2,19,sposan,5.041625
9718,109328.wav,2,19,sposan,4.5714375
9719,109327.wav,4,19,sposan,23.9543125
9720,75007.wav,1,19,sposan,8.2285625
9721,75006.wav,3,19,sposan,14.315125
9722,58489.wav,4,19,sposan,68.231875
9723,54424.wav,5,19,sposan,28.395125
9724,53496.wav,2,19,sposan,22.4130625
9725,53495.wav,2,19,sposan,13.5314375
9726,44046.wav,1,19,sposan,5.459625
9727,31323.wav,4,19,sposan,6.5
9728,31322.wav,4,19,sposan,23.4043125
9729,10910.wav,1,19,sposan,11.0498125
9730,694087.wav,5,19,sposan,10.057125
9731,694086.wav,3,19,sposan,8.3591875
9732,552113.wav,1,19,sposan,23.2046875
9733,498129.wav,5,19,sposan,2.0898125
9734,498128.wav,5,19,sposan,1.36475
9735,492617.wav,3,19,sposan,6.025625
9736,455418.wav,4,19,sposan,2.50775
9737,395724.wav,3,19,sposan,33.3665625
9738,391149.wav,2,19,sposan,6.7135
9739,330062.wav,2,19,sposan,2.8891875
9740,325948.wav,3,19,sposan,26.801625
9741,323225.wav,1,19,sposan,7.9661875
9742,321384.wav,5,19,sposan,21.8573125
9743,318584.wav,2,19,sposan,5.5246875
9744,306695.wav,1,19,sposan,12.3559375
9745,287590.wav,2,19,sposan,2.6645
9746,278363.wav,3,19,sposan,11.546125
9747,271728.wav,5,19,sposan,4.296
9748,270544.wav,4,19,sposan,121.4955
9749,232639.wav,5,19,sposan,17.256
9750,218193.wav,3,19,sposan,8.6204375
9751,213494.wav,3,19,sposan,7.536
9752,172624.wav,1,19,sposan,4.488
9753,154789.wav,3,19,sposan,6.9485625
9754,154439.wav,2,19,sposan,10.370625
9755,153624.wav,2,19,sposan,22.151875
9756,139790.wav,5,19,sposan,27.264
9757,101606.wav,1,19,sposan,2.481625
9758,101578.wav,5,19,sposan,3.2653125
9759,88799.wav,3,19,sposan,10.7885625
9760,48602.wav,3,19,sposan,3.657125
9761,667193.wav,4,19,sposan,8.4010625
9762,666022.wav,2,19,sposan,4.5743125
9763,601157.wav,4,19,sposan,48.4196875
9764,556122.wav,3,19,sposan,2.112
9765,413804.wav,4,19,sposan,3.2575625
9766,389435.wav,2,19,sposan,69.9298125
9767,332150.wav,5,19,sposan,7.2711875
9768,195060.wav,5,19,sposan,5.7991875
9769,153616.wav,4,19,sposan,31.3469375
9770,51888.wav,3,19,sposan,2.6645
9771,5862.wav,3,19,sposan,14.02775
9772,559833.wav,5,19,sposan,19.45225
9773,254627.wav,4,19,sposan,1.700625
9774,211173.wav,5,19,sposan,3.8355
